-0.529,0.526,9.414,0
-0.501,0.566,9.366,4
-0.53,0.542,9.355,5
-0.562,0.578,9.396,5
-0.487,0.604,9.472,5
-0.514,0.651,9.499,5
-0.459,0.679,9.544,5
-0.424,0.71,9.583,5
-0.373,0.753,9.621,5
-0.264,0.759,9.677,5
-0.137,0.804,9.818,5
-0.125,0.831,9.9,5
-0.127,0.854,9.932,5
-0.093,0.901,10.035,5
-0.055,0.862,10.126,5
-0.055,0.86,10.111,5
-0.084,0.87,10.077,5
-0.131,0.824,10.032,5
-0.182,0.882,9.974,5
-0.247,0.869,9.882,5
-0.333,0.867,9.831,5
-0.382,0.888,9.789,5
-0.355,0.877,9.745,5
-0.405,0.845,9.744,5
-0.426,0.836,9.683,5
-0.38,0.871,9.729,5
-0.359,0.824,9.806,5
-0.33,0.798,9.888,5
-0.324,0.731,9.937,5
-0.307,0.723,10.029,5
-0.258,0.662,10.08,5
-0.201,0.645,10.151,4
-0.205,0.642,10.217,5
-0.169,0.661,10.299,5
-0.231,0.7,10.447,5
-0.205,0.686,10.587,5
-0.193,0.684,10.664,5
-0.212,0.672,10.65,5
-0.261,0.642,10.622,5
-0.288,0.68,10.517,5
-0.342,0.724,10.385,5
-0.389,0.73,10.156,5
-0.419,0.775,9.955,5
-0.451,0.848,9.698,5
-0.473,0.922,9.606,5
-0.443,1.064,9.455,5
-0.386,1.158,9.332,5
-0.304,1.215,9.283,5
-0.278,1.295,9.235,5
-0.266,1.351,8.999,5
-0.259,1.385,8.895,5
-0.318,1.501,8.891,5
-0.337,1.554,8.965,5
-0.428,1.576,8.89,5
-0.394,1.593,8.868,5
-0.371,1.529,8.914,5
-0.377,1.491,9.039,5
-0.306,1.445,9.157,5
-0.318,1.416,9.305,5
-0.323,1.377,9.387,5
-0.287,1.396,9.522,5
-0.193,1.405,9.58,5
-0.12,1.441,9.704,5
-0.067,1.493,9.789,4
-0.031,1.529,9.792,5
-0.17,1.654,9.76,5
-0.318,1.77,9.735,5
-0.445,1.894,9.488,5
-0.583,1.996,9.217,5
-0.809,2.063,8.943,5
-1.01,2.143,8.717,5
-1.174,2.219,8.59,5
-1.281,2.256,8.497,5
-1.332,2.31,8.396,5
-1.312,2.279,8.324,5
-1.331,2.328,8.293,5
-1.332,2.314,8.33,5
-1.317,2.322,8.352,5
-1.33,2.311,8.387,5
-1.282,2.31,8.483,5
-1.293,2.317,8.528,5
-1.273,2.282,8.557,5
-1.299,2.275,8.669,5
-1.288,2.292,8.744,5
-1.276,2.323,8.81,5
-1.273,2.338,8.943,5
-1.205,2.324,8.989,5
-1.084,2.258,9.021,5
-0.961,2.158,9.169,5
-0.783,2.048,9.3,5
-0.613,1.928,9.477,5
-0.473,1.804,9.669,5
-0.369,1.652,9.947,5
-0.335,1.531,10.256,5
-0.347,1.381,10.505,4
-0.401,1.283,10.808,5
-0.458,1.19,11.104,5
-0.513,1.165,11.412,5
-0.62,1.086,11.642,5
-0.746,1.083,11.759,5
-0.798,1.043,11.824,5
-0.88,1.079,11.771,5
-0.998,1.098,11.477,5
-1.093,1.17,11.198,5
-1.166,1.263,10.861,5
-1.157,1.376,10.414,5
-1.141,1.507,9.929,5
-1.056,1.627,9.524,5
-1.034,1.795,9.261,5
-0.912,1.911,9.011,5
-0.749,1.997,8.867,5
-0.658,2.109,8.678,5
-0.522,2.2,8.602,5
-0.411,2.253,8.534,5
-0.379,2.319,8.41,5
-0.302,2.394,8.367,5
-0.299,2.458,8.384,5
-0.314,2.488,8.491,5
-0.297,2.508,8.616,5
-0.328,2.502,8.748,5
-0.355,2.495,8.941,5
-0.41,2.452,9.01,5
-0.431,2.453,9.203,5
-0.444,2.407,9.301,5
-0.465,2.336,9.369,5
-0.439,2.33,9.441,4
-0.512,2.316,9.46,5
-0.528,2.304,9.362,5
-0.571,2.247,9.319,5
-0.601,2.276,9.258,5
-0.607,2.298,9.118,5
-0.63,2.304,9.049,5
-0.624,2.344,8.961,5
-0.606,2.369,8.801,5
-0.524,2.352,8.804,5
-0.458,2.315,8.816,5
-0.43,2.291,8.93,5
-0.458,2.245,9.054,5
-0.527,2.207,9.352,5
-0.557,2.171,9.58,5
-0.609,2.067,9.799,5
-0.712,2.037,10.052,5
-0.799,1.982,10.301,5
-0.919,2.014,10.558,5
-1.058,2.028,10.778,5
-1.118,2.13,10.889,5
-1.078,2.174,11.091,5
-0.959,2.168,11.19,5
-0.82,2.191,11.109,5
-0.729,2.204,10.896,5
-0.6,2.283,10.632,5
-0.55,2.353,10.387,5
-0.541,2.434,10.194,5
-0.503,2.571,10.064,5
-0.509,2.652,10.016,5
-0.507,2.741,10.036,5
-0.445,2.762,10.156,4
-0.373,2.735,10.27,5
-0.427,2.692,10.575,5
-0.482,2.658,10.861,5
-0.52,2.603,11.071,5
-0.598,2.481,11.201,5
-0.688,2.37,11.388,5
-0.79,2.251,11.488,5
-0.856,2.138,11.525,5
-0.887,2.074,11.505,5
-0.935,1.997,11.386,5
-0.94,1.905,11.276,5
-0.917,1.925,11.233,5
-0.904,1.856,11.089,5
-0.895,1.836,11.016,5
-0.868,1.822,10.927,5
-0.807,1.852,10.783,5
-0.807,1.802,10.708,5
-0.746,1.824,10.624,5
-0.751,1.748,10.544,5
-0.765,1.7,10.466,5
-0.751,1.667,10.469,5
-0.709,1.596,10.415,5
-0.65,1.514,10.4,5
-0.59,1.46,10.28,5
-0.51,1.39,10.366,5
-0.405,1.337,10.364,5
-0.236,1.307,10.306,5
-0.057,1.167,10.281,5
0.13,1.008,10.169,5
0.294,0.773,10.081,5
0.444,0.504,10.086,4
0.577,0.184,10.25,5
0.707,-0.103,10.599,5
0.79,-0.453,11.037,5
0.779,-0.707,11.54,5
0.667,-0.969,12.061,5
0.557,-1.185,12.474,5
0.423,-1.318,12.828,5
0.337,-1.451,12.981,5
0.181,-1.513,12.847,5
0.061,-1.503,12.668,5
-0.07,-1.43,12.197,5
-0.096,-1.322,11.579,5
-0.137,-1.186,10.906,5
-0.079,-0.962,10.29,5
-0.066,-0.811,9.711,5
0.019,-0.624,9.173,5
0.158,-0.412,8.795,5
0.275,-0.219,8.4,5
0.445,-0.036,8.109,5
0.576,0.097,7.902,5
0.795,0.165,7.727,5
0.964,0.217,7.624,5
1.057,0.206,7.56,5
1.118,0.167,7.577,5
1.113,0.123,7.738,5
1.089,0.086,8.051,5
1.066,0.041,8.442,5
0.984,-0.049,8.856,5
0.901,-0.102,9.258,5
0.869,-0.2,9.643,5
0.807,-0.26,9.951,4
0.729,-0.301,10.208,5
0.575,-0.311,10.413,5
0.454,-0.274,10.586,5
0.273,-0.217,10.626,5
0.048,-0.15,10.568,5
-0.127,-0.051,10.488,5
-0.33,0.029,10.28,5
-0.521,0.097,10.055,5
-0.67,0.142,9.846,5
-0.735,0.196,9.576,5
-0.813,0.252,9.34,5
-0.872,0.297,9.038,5
-0.935,0.338,8.807,5
-0.989,0.44,8.552,5
-1.024,0.52,8.395,5
-0.99,0.72,8.303,5
-0.978,0.812,8.236,5
-0.936,0.984,8.203,5
-0.907,1.092,8.086,5
-0.808,1.204,7.976,5
-0.743,1.366,7.796,5
-0.634,1.477,7.65,5
-0.547,1.59,7.493,5
-0.448,1.764,7.297,5
-0.325,1.837,7.123,5
-0.219,1.881,7.034,5
-0.148,1.9,6.834,5
-0.096,1.95,6.728,5
-0.088,2.018,6.657,5
-0.109,2.001,6.721,5
-0.105,2.055,6.679,5
-0.142,2.03,6.696,4
-0.207,1.99,6.789,5
-0.228,2.002,6.881,5
-0.261,2.012,7.006,5
-0.261,2.015,7.159,5
-0.261,2.058,7.211,5
-0.34,2.03,7.307,5
-0.309,2.106,7.372,5
-0.318,2.103,7.414,5
-0.256,2.105,7.429,5
-0.203,2.109,7.468,5
-0.136,2.164,7.529,5
-0.153,2.225,7.566,5
-0.196,2.256,7.665,5
-0.215,2.293,7.766,5
-0.262,2.319,7.797,5
-0.354,2.314,7.866,5
-0.369,2.34,7.994,5
-0.379,2.328,8.158,5
-0.358,2.343,8.331,5
-0.281,2.373,8.477,5
-0.193,2.4,8.726,5
-0.11,2.44,8.952,5
-0.004,2.515,9.203,5
0.066,2.586,9.469,5
0.114,2.656,9.71,5
0.104,2.671,9.98,5
0.09,2.721,10.341,5
0.108,2.693,10.684,5
0.137,2.629,11.053,5
0.189,2.455,11.391,5
0.259,2.304,11.775,4
0.316,2.077,12.09,5
0.379,1.869,12.541,5
0.449,1.621,12.944,5
0.497,1.424,13.43,5
0.602,1.211,13.918,5
0.685,1.052,14.351,5
0.717,0.857,14.774,5
0.683,0.692,15.161,5
0.597,0.606,15.488,5
0.363,0.566,15.726,5
0.062,0.619,15.717,5
-0.203,0.703,15.537,5
-0.538,0.833,15.09,5
-0.869,0.94,14.319,5
-1.153,1.083,13.443,5
-1.271,1.218,12.418,5
-1.29,1.245,11.479,5
-1.247,1.227,10.554,5
-1.208,1.156,9.783,5
-1.187,1.057,9.352,5
-1.093,0.994,9.158,5
-0.99,0.92,9.292,5
-0.958,0.894,9.626,5
-1.016,0.791,9.906,5
-1.084,0.704,10.002,5
-1.185,0.555,9.998,5
-1.299,0.402,9.703,5
-1.347,0.133,9.373,5
-1.338,-0.175,9.044,5
-1.3,-0.432,8.679,5
-1.133,-0.642,8.398,4
-1.041,-0.82,8.214,5
-0.914,-0.936,8.046,5
-0.816,-0.997,8.146,5
-0.688,-1.018,8.369,5
-0.57,-1.017,8.583,5
-0.445,-1.014,8.923,5
-0.299,-0.966,9.237,5
-0.197,-0.926,9.555,5
-0.124,-0.846,9.742,5
-0.124,-0.76,9.926,5
-0.158,-0.672,9.978,5
-0.199,-0.61,9.911,5
-0.218,-0.457,9.774,5
-0.2,-0.349,9.658,5
-0.151,-0.243,9.448,5
-0.143,-0.088,9.239,5
-0.128,0.14,9.011,5
-0.125,0.324,8.859,5
-0.18,0.555,8.699,5
-0.235,0.728,8.558,5
-0.376,0.807,8.455,5
-0.507,0.858,8.405,5
-0.692,0.81,8.462,5
-0.9,0.722,8.637,5
-1.128,0.561,8.929,5
-1.403,0.415,9.296,5
-1.616,0.22,9.797,5
-1.787,0.06,10.277,5
-1.959,-0.134,10.772,5
-2.038,-0.255,11.247,5
-2.18,-0.299,11.526,4
-2.352,-0.244,11.793,5
-2.422,-0.155,12.157,5
-2.411,-0.015,12.368,5
-2.334,0.129,12.572,5
-2.171,0.218,12.586,5
-2.038,0.306,12.631,5
-1.943,0.328,12.624,5
-1.813,0.403,12.738,5
-1.763,0.434,12.88,5
-1.752,0.42,13.029,5
-1.811,0.401,13.28,5
-1.828,0.398,13.542,5
-1.763,0.376,13.609,5
-1.786,0.364,13.693,5
-1.807,0.429,13.707,5
-1.822,0.5,13.617,5
-1.845,0.624,13.457,5
-1.828,0.755,13.157,5
-1.703,0.841,12.773,5
-1.594,0.95,12.267,5
-1.431,1.003,11.825,5
-1.23,1.04,11.31,5
-1.045,1.135,10.971,5
-0.779,1.234,10.608,5
-0.523,1.266,10.267,5
-0.333,1.316,10.013,5
-0.137,1.344,9.893,5
0.078,1.366,9.8,5
0.289,1.39,9.872,5
0.499,1.436,9.931,5
0.638,1.421,9.897,4
0.747,1.374,9.775,5
0.832,1.38,9.545,5
0.837,1.307,9.275,5
0.844,1.241,8.985,5
0.849,1.19,8.741,5
0.822,1.162,8.532,5
0.836,1.147,8.307,5
0.866,1.116,8.128,5
0.835,1.144,7.822,5
0.868,1.091,7.472,5
0.782,1.156,7.015,5
0.697,1.223,6.53,5
0.638,1.272,6.054,5
0.547,1.399,5.524,5
0.536,1.477,5.084,5
0.528,1.563,4.672,5
0.547,1.548,4.346,5
0.477,1.445,4.167,5
0.461,1.388,4.155,5
0.474,1.241,4.307,5
0.488,1.076,4.648,5
0.537,0.855,5.173,5
0.635,0.567,5.559,5
0.664,0.268,6.023,5
0.725,0.032,6.554,5
0.78,-0.177,7.013,5
0.806,-0.333,7.44,5
0.765,-0.459,7.615,5
0.643,-0.494,7.614,5
0.43,-0.428,7.396,4
0.116,-0.283,7.098,5
-0.291,0.024,6.557,5
-0.694,0.511,6.076,5
-0.904,0.975,5.45,5
-1.059,1.45,4.795,5
-1.113,1.652,4.25,5
-1.086,1.624,4.211,5
-0.655,1.351,4.905,5
0.105,0.855,6.382,5
0.835,0.205,8.468,5
1.387,-0.451,10.761,5
1.839,-1.089,13.056,5
2.162,-1.612,14.863,5
2.203,-2.057,16.224,5
2.011,-2.327,16.862,5
1.776,-2.575,16.947,5
1.585,-2.676,16.575,5
1.409,-2.642,15.985,5
1.361,-2.416,15.364,5
1.415,-2.099,14.782,5
1.558,-1.78,14.304,5
1.792,-1.381,13.894,5
1.946,-1.003,13.689,5
2.007,-0.607,13.556,5
2.034,-0.206,13.469,5
1.945,0.135,13.439,5
1.659,0.387,13.382,5
1.251,0.606,13.223,5
0.828,0.743,13.031,5
0.533,0.836,12.819,5
0.292,0.947,12.567,4
0.245,1.035,12.3,5
0.273,1.06,11.98,5
0.383,1.101,11.707,5
0.557,1.143,11.498,5
0.719,1.174,11.419,5
0.82,1.231,11.294,5
0.935,1.219,11.148,5
0.899,1.235,10.943,5
0.823,1.216,10.756,5
0.612,1.124,10.486,5
0.274,1.049,10.151,5
-0.016,0.909,9.907,5
-0.358,0.759,9.731,5
-0.662,0.587,9.557,5
-0.978,0.427,9.555,5
-1.28,0.323,9.509,5
-1.593,0.265,9.55,5
-1.868,0.218,9.549,5
-2.074,0.23,9.557,5
-2.191,0.26,9.59,5
-2.145,0.293,9.475,5
-2.071,0.344,9.223,5
-2.028,0.351,8.884,5
-1.993,0.391,8.428,5
-2.007,0.387,7.858,5
-2.041,0.396,7.267,5
-2.035,0.399,6.652,5
-1.926,0.335,6.124,5
-1.793,0.261,5.762,5
-1.71,0.246,5.54,4
-1.637,0.222,5.524,5
-1.546,0.232,5.711,5
-1.47,0.235,6.039,5
-1.418,0.206,6.505,5
-1.396,0.196,6.742,5
-1.396,0.21,6.96,5
-1.461,0.275,6.966,5
-1.618,0.377,6.911,5
-1.892,0.511,6.794,5
-2.084,0.61,6.666,5
-2.162,0.665,6.529,5
-2.217,0.649,6.366,5
-2.329,0.585,6.238,5
-2.55,0.547,6.248,5
-2.789,0.533,6.369,5
-3.039,0.596,6.657,5
-3.101,0.566,6.804,5
-2.893,0.509,6.755,5
-2.607,0.342,6.476,5
-2.302,0.166,6.044,5
-1.903,-0.01,5.491,5
-1.551,-0.094,4.902,5
-1.298,-0.062,4.431,5
-1.041,0.068,4.223,5
-0.673,0.251,4.258,5
-0.46,0.454,4.688,5
-0.336,0.54,5.391,5
-0.093,0.598,6.197,5
0.178,0.488,7.164,5
0.287,0.208,8.311,5
0.285,-0.061,9.575,5
0.094,-0.34,10.89,4
-0.318,-0.406,12.029,5
-0.959,-0.218,12.689,5
-1.578,0.156,12.819,5
-1.953,0.575,12.316,5
-1.908,0.951,11.388,5
-1.2,1.155,10.134,5
0.038,1.178,8.757,5
1.483,0.852,7.6,5
2.88,0.359,6.947,5
4.129,-0.218,7.198,5
4.931,-0.811,8.583,5
5.258,-1.382,10.955,5
4.945,-1.977,14.119,5
4.015,-2.564,17.691,5
2.842,-3.133,19.857,5
1.59,-3.581,19.857,5
0.131,-3.952,19.857,5
-1.236,-4.128,19.857,5
-2.517,-4.061,19.857,5
-3.506,-3.706,19.648,5
-4.077,-3.156,16.731,5
-4.229,-2.382,13.786,5
-4.145,-1.506,10.866,5
-3.927,-0.55,8.411,5
-3.714,0.39,6.578,5
-3.45,1.232,5.611,5
-3.139,1.838,5.641,5
-2.759,2.125,6.616,5
-2.268,1.96,8.356,5
-1.707,1.507,10.405,5
-1.245,0.913,12.225,4
-1.002,0.326,13.868,5
-0.777,-0.163,15.228,5
-0.604,-0.589,16.239,5
-0.507,-0.88,16.683,5
-0.44,-1.194,16.616,5
-0.257,-1.4,16.16,5
-0.111,-1.518,15.489,5
0.1,-1.355,14.617,5
0.336,-1.061,13.739,5
0.659,-0.656,12.856,5
1.019,-0.232,11.953,5
1.262,0.118,11.34,5
1.446,0.42,10.895,5
1.47,0.734,10.579,5
1.433,0.938,10.325,5
1.276,1.147,10.126,5
1.056,1.333,9.863,5
0.84,1.442,9.545,5
0.689,1.476,9.312,5
0.591,1.553,9.146,5
0.632,1.539,8.858,5
0.713,1.542,8.563,5
0.778,1.509,8.291,5
0.822,1.456,7.889,5
0.932,1.405,7.761,5
1.047,1.338,7.762,5
1.186,1.288,7.847,5
1.299,1.196,7.943,5
1.448,1.12,7.924,5
1.457,1.035,7.939,5
1.402,0.914,7.912,4
1.294,0.803,7.89,5
1.102,0.668,7.943,5
0.912,0.451,7.916,5
0.694,0.297,7.79,5
0.397,0.118,7.682,5
0.08,-0.052,7.553,5
-0.184,-0.193,7.357,5
-0.439,-0.208,7.132,5
-0.684,-0.255,6.74,5
-0.93,-0.235,6.294,5
-1.132,-0.177,5.735,5
-1.335,-0.063,5.192,5
-1.386,0.069,4.611,5
-1.303,0.282,4.174,5
-1.183,0.483,3.895,5
-0.901,0.678,3.799,5
-0.428,0.81,4.037,5
0.199,0.812,4.404,5
0.904,0.718,4.976,5
1.478,0.578,5.677,5
1.934,0.496,6.647,5
2.255,0.279,7.729,5
2.457,-0.024,8.916,5
2.392,-0.39,10.097,5
2.028,-0.795,11.334,5
1.54,-1.135,12.229,5
1.028,-1.391,12.889,5
0.491,-1.484,12.855,5
-0.058,-1.36,12.352,5
-0.379,-1.127,11.356,5
-0.467,-0.908,10.312,4
-0.236,-0.779,9.223,5
0.19,-0.731,8.403,5
0.68,-0.776,8.082,5
1.333,-0.941,8.472,5
1.956,-1.202,9.604,5
2.311,-1.434,11.138,5
2.29,-1.652,12.706,5
1.949,-1.898,14.343,5
1.464,-2.238,15.85,5
0.884,-2.611,16.906,5
0.327,-3.025,17.58,5
-0.087,-3.347,17.872,5
-0.192,-3.572,17.735,5
-0.14,-3.627,17.219,5
0.176,-3.528,16.377,5
0.596,-3.266,15.379,5
1.033,-2.84,14.34,5
1.415,-2.357,13.481,5
1.612,-1.836,12.892,5
1.708,-1.339,12.58,5
1.74,-0.938,12.426,5
1.603,-0.569,12.403,5
1.384,-0.4,12.313,5
1.117,-0.273,12.134,5
0.789,-0.185,11.892,5
0.483,-0.104,11.59,5
0.144,-0.055,11.085,5
-0.154,0.102,10.52,5
-0.348,0.263,9.864,5
-0.412,0.454,9.326,5
-0.436,0.654,8.76,5
-0.364,0.852,8.341,4
-0.239,0.999,7.968,5
-0.139,1.091,7.618,5
-0.012,1.203,7.508,5
0.003,1.226,7.325,5
0.0,1.256,7.211,5
-0.085,1.247,7.043,5
-0.161,1.186,6.894,5
-0.315,1.058,6.758,5
-0.486,0.97,6.581,5
-0.602,0.865,6.575,5
-0.62,0.786,6.614,5
-0.653,0.678,6.738,5
-0.599,0.553,6.904,5
-0.519,0.399,7.149,5
-0.455,0.381,7.381,5
-0.312,0.282,7.673,5
-0.196,0.225,7.879,5
-0.049,0.222,8.002,5
-0.012,0.163,8.095,5
0.012,0.138,8.064,5
0.005,0.099,7.964,5
0.019,0.029,7.805,5
-0.002,0.013,7.599,5
-0.033,0.08,7.512,5
-0.124,0.103,7.542,5
-0.115,0.214,7.623,5
-0.086,0.291,7.727,5
-0.047,0.397,7.784,5
-0.027,0.453,7.774,5
-0.042,0.576,7.653,5
-0.1,0.759,7.523,4
-0.191,0.929,7.341,5
-0.29,1.073,7.131,5
-0.398,1.204,6.939,5
-0.374,1.323,6.789,5
-0.384,1.463,6.753,5
-0.304,1.556,6.794,5
-0.175,1.662,6.932,5
-0.037,1.74,7.099,5
0.082,1.79,7.228,5
0.261,1.788,7.339,5
0.343,1.763,7.632,5
0.369,1.652,8.085,5
0.366,1.612,8.676,5
0.321,1.48,9.428,5
0.249,1.365,10.091,5
0.196,1.201,10.618,5
0.137,1.108,11.034,5
0.161,0.976,11.394,5
0.142,0.837,11.563,5
0.142,0.765,11.625,5
0.202,0.715,11.613,5
0.269,0.636,11.495,5
0.395,0.593,11.344,5
0.47,0.568,11.287,5
0.485,0.565,11.213,5
0.412,0.617,11.014,5
0.187,0.649,10.982,5
-0.143,0.803,10.83,5
-0.57,0.933,10.663,5
-0.883,0.941,10.497,5
-1.044,0.871,10.241,4
-1.12,0.619,10.225,5
-1.002,0.256,10.369,5
-0.747,-0.072,10.808,5
-0.32,-0.314,11.516,5
0.171,-0.502,12.296,5
0.513,-0.654,12.907,5
0.762,-0.912,13.491,5
0.821,-1.228,14.033,5
0.844,-1.588,14.426,5
0.784,-1.943,14.728,5
0.701,-2.256,14.945,5
0.546,-2.463,15.008,5
0.434,-2.521,14.812,5
0.31,-2.54,14.466,5
0.126,-2.483,14.062,5
0.102,-2.301,13.518,5
-0.003,-2.12,13.104,5
-0.046,-1.852,12.676,5
-0.132,-1.531,12.353,5
-0.224,-1.232,12.007,5
-0.409,-0.905,11.52,5
-0.637,-0.608,11.04,5
-0.916,-0.308,10.488,5
-1.193,-0.08,9.988,5
-1.448,0.063,9.452,5
-1.672,0.223,8.989,5
-1.78,0.299,8.563,5
-1.755,0.33,8.427,5
-1.656,0.338,8.421,5
-1.42,0.342,8.622,4
-1.172,0.279,9.058,5
-0.893,0.168,9.48,5
-0.732,0.042,9.911,5
-0.62,-0.102,10.19,5
-0.535,-0.194,10.438,5
-0.499,-0.34,10.591,5
-0.562,-0.465,10.651,5
-0.527,-0.566,10.713,5
-0.531,-0.65,10.72,5
-0.58,-0.712,10.706,5
-0.582,-0.754,10.5,5
-0.631,-0.729,10.39,5
-0.559,-0.678,10.194,5
-0.527,-0.595,9.968,5
-0.448,-0.494,9.57,5
-0.357,-0.325,9.143,5
-0.242,-0.188,8.698,5
-0.1,0.016,8.281,5
-0.03,0.231,7.885,5
0.02,0.414,7.535,5
0.106,0.609,7.244,5
0.179,0.754,7.047,5
0.308,0.868,6.895,5
0.44,0.949,6.769,5
0.594,1.039,6.684,5
0.743,1.144,6.658,5
0.891,1.225,6.631,5
1.048,1.32,6.682,5
1.14,1.374,6.694,5
1.18,1.372,6.746,5
1.197,1.357,6.749,4
1.096,1.318,6.797,5
1.012,1.249,6.788,5
0.871,1.264,6.918,5
0.753,1.235,7.058,5
0.589,1.242,7.224,5
0.456,1.275,7.326,5
0.323,1.189,7.468,5
0.204,1.168,7.599,5
0.06,1.111,7.759,5
-0.015,1.054,7.794,5
-0.051,1.053,7.777,5
-0.043,0.956,7.745,5
-0.064,0.886,7.804,5
0.032,0.778,7.854,5
0.12,0.725,8.046,5
0.249,0.606,8.173,5
0.366,0.594,8.33,5
0.427,0.558,8.494,5
0.47,0.591,8.622,5
0.474,0.615,8.736,5
0.441,0.573,8.761,5
0.42,0.49,8.78,5
0.491,0.385,8.789,5
0.568,0.228,8.857,5
0.666,0.084,9.071,5
0.795,-0.056,9.387,5
0.964,-0.124,9.842,5
1.06,-0.191,10.32,5
1.172,-0.271,10.776,5
1.183,-0.283,11.246,5
1.117,-0.285,11.778,5
0.883,-0.179,12.274,4
0.621,-0.031,12.63,5
0.373,0.078,12.635,5
0.09,0.216,12.47,5
-0.199,0.452,11.985,5
-0.447,0.691,11.343,5
-0.465,0.916,10.696,5
-0.317,1.065,10.165,5
0.039,1.058,9.724,5
0.479,0.877,9.551,5
0.933,0.613,9.66,5
1.253,0.385,10.175,5
1.487,0.132,10.813,5
1.428,0.0,11.566,5
1.214,-0.125,12.278,5
0.826,-0.231,12.799,5
0.37,-0.336,13.075,5
-0.017,-0.499,13.059,5
-0.362,-0.65,12.946,5
-0.519,-0.814,12.651,5
-0.538,-0.928,12.454,5
-0.451,-0.993,12.305,5
-0.318,-1.006,12.177,5
-0.205,-0.942,12.04,5
-0.13,-0.826,11.922,5
-0.085,-0.727,11.868,5
-0.035,-0.686,11.906,5
0.063,-0.727,11.995,5
0.114,-0.829,12.106,5
0.169,-0.872,12.27,5
0.251,-0.977,12.228,4
0.354,-0.956,12.242,5
0.519,-1.0,12.236,5
0.706,-1.023,12.237,5
0.915,-1.047,12.413,5
1.15,-1.039,12.595,5
1.353,-1.072,12.843,5
1.442,-1.002,13.105,5
1.486,-0.897,13.352,5
1.369,-0.72,13.543,5
1.183,-0.568,13.605,5
0.901,-0.357,13.48,5
0.601,-0.142,13.15,5
0.295,0.039,12.69,5
-0.004,0.197,12.112,5
-0.26,0.361,11.441,5
-0.482,0.524,10.799,5
-0.63,0.68,10.26,5
-0.766,0.824,9.694,5
-0.867,1.007,9.22,5
-0.939,1.158,8.872,5
-0.965,1.26,8.538,5
-0.963,1.359,8.285,5
-1.025,1.387,8.01,5
-1.075,1.413,7.711,5
-1.118,1.408,7.496,5
-1.178,1.353,7.265,5
-1.183,1.335,7.099,5
-1.203,1.278,6.97,5
-1.154,1.17,6.878,5
-1.139,1.071,6.902,5
-1.021,0.975,6.918,4
-0.979,0.874,6.974,5
-0.911,0.813,7.079,5
-0.808,0.742,7.255,5
-0.731,0.732,7.444,5
-0.704,0.692,7.685,5
-0.664,0.601,7.879,5
-0.695,0.545,8.025,5
-0.678,0.447,8.028,5
-0.668,0.325,8.034,5
-0.641,0.266,7.99,5
-0.65,0.204,7.898,5
-0.626,0.185,7.803,5
-0.674,0.2,7.626,5
-0.708,0.229,7.476,5
-0.76,0.261,7.329,5
-0.827,0.348,7.138,5
-0.779,0.452,7.006,5
-0.789,0.555,6.819,5
-0.802,0.696,6.664,5
-0.86,0.795,6.546,5
-0.897,0.887,6.512,5
-0.937,0.958,6.42,5
-0.95,1.032,6.291,5
-0.996,1.058,6.108,5
-1.013,1.016,6.029,5
-0.929,0.928,6.001,5
-0.831,0.868,6.171,5
-0.594,0.746,6.525,5
-0.393,0.619,6.902,5
-0.246,0.473,7.253,5
-0.111,0.316,7.656,4
-0.066,0.109,8.12,5
-0.146,-0.064,8.477,5
-0.243,-0.274,8.81,5
-0.425,-0.377,9.103,5
-0.631,-0.375,9.156,5
-0.964,-0.328,9.05,5
-1.32,-0.141,8.942,5
-1.618,0.116,8.831,5
-1.589,0.371,8.68,5
-1.186,0.489,8.634,5
-0.455,0.408,8.908,5
0.333,0.268,9.447,5
1.263,0.163,10.356,5
2.073,0.117,11.39,5
2.712,0.117,12.332,5
2.977,0.056,13.31,5
2.967,-0.167,14.24,5
2.544,-0.507,14.956,5
1.868,-0.991,15.628,5
1.059,-1.467,16.175,5
0.183,-1.947,16.446,5
-0.796,-2.289,16.433,5
-1.745,-2.488,16.119,5
-2.422,-2.439,15.598,5
-2.818,-2.21,14.905,5
-2.93,-1.75,13.989,5
-2.867,-1.156,12.986,5
-2.667,-0.568,11.981,5
-2.451,0.069,11.007,5
-2.262,0.62,10.285,5
-2.202,1.08,9.695,4
-2.135,1.468,9.389,5
-2.05,1.724,9.335,5
-1.928,1.852,9.53,5
-1.755,1.93,9.686,5
-1.642,1.909,9.957,5
-1.536,1.789,10.214,5
-1.426,1.661,10.528,5
-1.36,1.479,10.681,5
-1.205,1.29,10.863,5
-1.011,1.035,10.802,5
-0.805,0.782,10.682,5
-0.579,0.517,10.502,5
-0.33,0.303,10.433,5
-0.055,0.165,10.368,5
0.166,0.018,10.429,5
0.393,-0.054,10.667,5
0.613,-0.086,10.924,5
0.804,-0.077,11.171,5
1.031,-0.038,11.319,5
1.223,0.002,11.323,5
1.376,0.066,11.182,5
1.492,0.174,11.0,5
1.613,0.318,10.753,5
1.697,0.537,10.404,5
1.749,0.745,9.962,5
1.786,0.921,9.544,5
1.803,1.128,9.057,5
1.876,1.34,8.555,5
1.967,1.583,8.145,5
1.995,1.823,7.754,5
1.959,2.086,7.49,5
2.065,2.256,7.176,4
2.059,2.422,6.845,5
2.009,2.499,6.621,5
1.921,2.519,6.427,5
1.764,2.485,6.221,5
1.546,2.361,6.096,5
1.189,2.199,6.107,5
0.84,2.03,6.208,5
0.534,1.811,6.43,5
0.282,1.66,6.637,5
0.064,1.486,6.931,5
-0.116,1.313,7.098,5
-0.291,1.126,7.366,5
-0.403,1.003,7.512,5
-0.53,0.87,7.558,5
-0.584,0.8,7.569,5
-0.647,0.651,7.435,5
-0.75,0.579,7.26,5
-0.755,0.537,7.118,5
-0.82,0.499,6.941,5
-0.902,0.516,6.883,5
-0.987,0.515,6.819,5
-1.011,0.488,6.731,5
-1.042,0.46,6.582,5
-0.95,0.422,6.613,5
-0.802,0.365,6.622,5
-0.618,0.35,6.694,5
-0.408,0.29,6.8,5
-0.249,0.169,7.074,5
-0.111,0.091,7.419,5
0.041,-0.024,8.029,4
0.074,-0.136,8.672,5
0.033,-0.255,9.46,5
0.055,-0.363,10.116,5
0.015,-0.487,10.634,5
-0.169,-0.562,10.932,5
-0.386,-0.508,11.016,5
-0.562,-0.396,10.956,5
-0.519,-0.316,10.749,5
-0.243,-0.301,10.499,5
0.333,-0.403,10.435,5
1.195,-0.507,10.63,5
2.089,-0.698,11.336,5
2.762,-0.79,12.321,5
3.093,-0.848,13.559,5
2.937,-0.978,14.885,5
2.487,-1.174,16.262,5
1.845,-1.61,17.396,5
1.083,-2.193,18.157,5
0.278,-2.88,18.506,5
-0.337,-3.555,18.642,5
-0.862,-3.991,18.523,5
-1.275,-4.205,18.445,5
-1.369,-4.119,18.085,5
-1.149,-3.907,17.468,5
-0.804,-3.614,16.631,5
-0.361,-3.207,15.704,5
0.081,-2.724,14.842,5
0.446,-2.215,14.238,5
0.737,-1.811,13.924,5
0.894,-1.574,13.744,5
0.923,-1.442,13.679,4
0.896,-1.444,13.725,5
0.783,-1.413,13.779,5
0.536,-1.419,13.742,5
0.194,-1.405,13.651,5
-0.181,-1.34,13.38,5
-0.47,-1.172,13.019,5
-0.682,-0.935,12.576,5
-0.822,-0.646,12.039,5
-0.961,-0.298,11.389,5
-1.073,0.021,10.75,5
-1.149,0.288,10.128,5
-1.215,0.523,9.557,5
-1.256,0.683,8.965,5
-1.318,0.84,8.368,5
-1.37,1.05,7.741,5
-1.391,1.256,7.345,5
-1.421,1.465,7.06,5
-1.397,1.636,6.942,5
-1.29,1.715,6.872,5
-1.2,1.76,6.806,5
-1.117,1.724,6.756,5
-1.058,1.687,6.85,5
-1.023,1.635,6.804,5
-0.993,1.586,6.819,5
-1.025,1.533,6.862,5
-1.06,1.465,6.906,5
-1.114,1.415,6.954,5
-1.09,1.304,7.128,5
-1.002,1.241,7.244,5
-0.911,1.184,7.355,5
-0.792,1.175,7.405,4
-0.737,1.161,7.436,5
-0.64,1.116,7.467,5
-0.517,1.1,7.462,5
-0.423,1.053,7.524,5
-0.327,1.055,7.382,5
-0.278,1.007,7.263,5
-0.282,1.029,7.041,5
-0.205,1.088,6.901,5
-0.139,1.148,6.751,5
-0.07,1.152,6.762,5
-0.064,1.181,6.83,5
-0.033,1.134,7.047,5
-0.047,1.062,7.277,5
-0.125,0.882,7.539,5
-0.163,0.715,7.823,5
-0.219,0.509,8.042,5
-0.263,0.397,8.142,5
-0.274,0.348,8.14,5
-0.316,0.39,7.998,5
-0.381,0.451,7.809,5
-0.377,0.524,7.578,5
-0.41,0.652,7.194,5
-0.391,0.75,6.816,5
-0.362,0.837,6.438,5
-0.355,0.957,6.047,5
-0.392,1.071,5.893,5
-0.378,1.195,5.767,5
-0.41,1.269,5.797,5
-0.378,1.272,6.005,5
-0.399,1.217,6.443,4
-0.455,1.08,7.211,5
-0.465,0.91,8.298,5
-0.448,0.649,9.267,5
-0.453,0.417,10.216,5
-0.448,0.184,10.861,5
-0.462,-0.032,11.525,5
-0.476,-0.092,11.874,5
-0.66,-0.096,12.014,5
-0.939,0.129,11.877,5
-1.388,0.411,11.443,5
-1.853,0.851,10.68,5
-2.347,1.276,9.765,5
-2.732,1.696,8.839,5
-2.845,1.967,8.343,5
-2.531,2.031,8.295,5
-2.088,2.001,8.839,5
-1.333,1.911,9.828,5
-0.461,1.813,10.983,5
0.214,1.745,12.092,5
0.567,1.686,12.956,5
0.813,1.596,13.687,5
1.059,1.422,14.35,5
1.163,1.074,14.858,5
1.19,0.606,15.261,5
1.176,0.09,15.51,5
1.098,-0.466,15.662,5
0.964,-0.915,15.586,5
0.739,-1.164,15.338,5
0.415,-1.238,14.931,5
0.106,-1.2,14.45,4
-0.115,-1.073,13.898,5
-0.297,-0.955,13.285,5
-0.369,-0.814,12.674,5
-0.425,-0.694,12.14,5
-0.424,-0.521,11.593,5
-0.442,-0.365,11.116,5
-0.485,-0.221,10.742,5
-0.603,-0.076,10.419,5
-0.741,0.114,10.11,5
-0.911,0.224,9.855,5
-1.074,0.391,9.681,5
-1.227,0.473,9.512,5
-1.347,0.542,9.345,5
-1.432,0.557,9.211,5
-1.461,0.572,9.122,5
-1.531,0.603,8.972,5
-1.591,0.648,8.797,5
-1.597,0.701,8.745,5
-1.615,0.691,8.661,5
-1.671,0.625,8.634,5
-1.653,0.603,8.644,5
-1.655,0.5,8.665,5
-1.628,0.497,8.749,5
-1.641,0.447,8.875,5
-1.654,0.379,9.109,5
-1.669,0.416,9.251,5
-1.649,0.508,9.485,5
-1.545,0.599,9.692,5
-1.359,0.705,9.775,5
-1.156,0.81,9.665,5
-0.906,0.894,9.404,4
-0.65,0.935,9.077,5
-0.373,0.996,8.738,5
-0.104,1.055,8.578,5
0.083,1.009,8.528,5
0.26,1.042,8.653,5
0.291,1.014,8.83,5
0.31,0.992,8.966,5
0.229,0.977,9.155,5
0.173,0.907,9.23,5
0.152,0.913,9.244,5
0.121,0.898,9.159,5
0.125,0.962,8.921,5
0.131,1.023,8.527,5
0.103,1.121,8.15,5
0.121,1.26,7.739,5
0.067,1.357,7.338,5
-0.008,1.467,6.959,5
0.006,1.621,6.496,5
0.024,1.739,6.168,5
0.077,1.75,5.872,5
0.219,1.767,5.588,5
0.366,1.769,5.486,5
0.474,1.78,5.525,5
0.571,1.803,5.723,5
0.588,1.781,5.98,5
0.55,1.755,6.366,5
0.512,1.669,6.687,5
0.47,1.574,6.846,5
0.413,1.467,6.867,5
0.331,1.372,6.814,4
0.175,1.317,6.657,5
0.076,1.317,6.516,5
-0.005,1.279,6.35,5
-0.028,1.256,6.326,5
-0.015,1.134,6.354,5
0.121,1.027,6.527,5
0.375,0.904,6.794,5
0.571,0.798,7.275,5
0.757,0.658,7.766,5
0.955,0.546,8.382,5
1.09,0.505,8.943,5
1.111,0.432,9.534,5
1.154,0.386,9.914,5
1.089,0.345,10.133,5
0.858,0.306,10.087,5
0.489,0.318,9.825,5
0.176,0.449,9.443,5
-0.026,0.562,8.9,5
-0.054,0.496,8.501,5
0.15,0.315,8.188,5
0.488,-0.025,7.891,5
0.804,-0.335,8.074,5
1.07,-0.587,8.661,5
1.246,-0.739,9.671,5
1.081,-0.962,11.101,5
0.765,-1.132,12.747,5
0.367,-1.363,14.387,5
0.03,-1.575,15.793,5
-0.145,-1.755,16.931,5
-0.127,-1.914,17.668,5
0.134,-1.98,18.035,4
0.516,-2.007,18.028,5
1.103,-1.898,17.666,5
1.673,-1.719,17.076,5
2.222,-1.535,16.289,5
2.671,-1.397,15.523,5
3.059,-1.324,14.835,5
3.319,-1.284,14.51,5
3.358,-1.297,14.599,5
3.248,-1.297,14.863,5
2.954,-1.293,15.331,5
2.508,-1.331,15.565,5
1.953,-1.3,15.773,5
1.408,-1.31,15.757,5
0.947,-1.273,15.468,5
0.585,-1.182,14.997,5
0.341,-0.968,14.362,5
0.225,-0.684,13.736,5
0.109,-0.304,12.997,5
0.059,0.141,12.373,5
0.081,0.578,11.736,5
0.032,0.969,11.206,5
0.075,1.28,10.714,5
0.079,1.532,10.34,5
0.073,1.748,9.982,5
0.029,1.882,9.624,5
-0.023,2.022,9.33,5
-0.094,2.105,9.009,5
-0.22,2.134,8.741,5
-0.315,2.129,8.555,5
-0.429,2.08,8.373,4
-0.546,2.003,8.2,5
-0.612,1.917,8.115,5
-0.635,1.793,8.003,5
-0.669,1.669,7.981,5
-0.688,1.435,8.004,5
-0.67,1.23,8.067,5
-0.563,0.974,8.21,5
-0.532,0.791,8.351,5
-0.535,0.613,8.445,5
-0.59,0.479,8.548,5
-0.596,0.381,8.494,5
-0.666,0.335,8.362,5
-0.726,0.286,8.2,5
-0.775,0.295,8.058,5
-0.68,0.242,7.785,5
-0.619,0.258,7.577,5
-0.575,0.333,7.369,5
-0.571,0.42,7.176,5
-0.497,0.528,7.025,5
-0.53,0.651,6.837,5
-0.497,0.738,6.592,5
-0.442,0.805,6.302,5
-0.446,0.876,6.044,5
-0.47,0.839,5.826,5
-0.523,0.853,5.706,5
-0.622,0.801,5.723,5
-0.658,0.736,5.72,5
-0.71,0.649,5.923,5
-0.787,0.606,6.208,5
-0.821,0.604,6.448,5
-0.824,0.643,6.642,4
-0.818,0.738,6.605,5
-0.749,0.782,6.429,5
-0.601,0.803,6.065,5
-0.357,0.763,5.671,5
-0.041,0.785,5.317,5
0.375,0.785,5.181,5
0.799,0.877,5.185,5
1.141,0.989,5.455,5
1.435,1.124,5.904,5
1.652,1.166,6.519,5
1.685,1.039,7.21,5
1.585,0.764,8.035,5
1.5,0.418,8.925,5
1.242,0.037,9.675,5
0.929,-0.311,10.466,5
0.461,-0.627,11.17,5
-0.136,-0.824,11.761,5
-0.841,-0.894,12.226,5
-1.506,-0.764,12.272,5
-2.066,-0.526,11.89,5
-2.359,-0.214,11.131,5
-2.333,0.074,10.238,5
-2.034,0.276,9.561,5
-1.494,0.509,9.078,5
-0.859,0.788,8.773,5
-0.137,1.113,8.631,5
0.614,1.328,8.746,5
1.43,1.444,9.112,5
2.217,1.482,9.834,5
2.82,1.331,10.964,4
3.226,1.043,12.452,5
3.224,0.672,14.134,5
2.815,0.128,15.841,5
2.124,-0.559,17.172,5
1.281,-1.274,18.143,5
0.333,-1.98,18.596,5
-0.613,-2.514,18.5,5
-1.565,-2.778,17.972,5
-2.218,-2.778,16.85,5
-2.659,-2.478,15.361,5
-2.815,-2.056,13.839,5
-2.778,-1.557,12.276,5
-2.554,-1.008,10.971,5
-2.262,-0.351,10.038,5
-2.053,0.253,9.613,5
-1.943,0.763,9.412,5
-1.906,1.119,9.428,5
-1.919,1.384,9.642,5
-1.902,1.517,9.917,5
-1.827,1.657,10.083,5
-1.724,1.759,10.27,5
-1.605,1.828,10.401,5
-1.374,1.879,10.617,5
-1.065,1.878,10.784,5
-0.805,1.835,10.913,5
-0.571,1.761,10.948,5
-0.385,1.605,10.93,5
-0.22,1.379,10.887,5
-0.029,1.104,10.84,5
0.199,0.778,10.854,4
0.375,0.408,10.992,5
0.575,0.121,11.282,5
0.67,-0.06,11.684,5
0.655,-0.166,12.165,5
0.54,-0.213,12.528,5
0.409,-0.235,12.644,5
0.26,-0.235,12.622,5
0.143,-0.246,12.318,5
0.043,-0.213,11.988,5
-0.052,-0.178,11.531,5
-0.065,-0.058,10.946,5
-0.004,0.029,10.401,5
0.066,0.168,9.911,5
0.17,0.358,9.475,5
0.31,0.561,9.116,5
0.355,0.73,8.725,5
0.436,0.859,8.304,5
0.524,0.944,7.881,5
0.604,1.051,7.586,5
0.698,1.097,7.262,5
0.842,1.164,7.041,5
0.932,1.169,6.842,5
0.943,1.214,6.747,5
0.892,1.171,6.661,5
0.813,1.19,6.63,5
0.738,1.167,6.607,5
0.632,1.164,6.648,5
0.54,1.065,6.603,5
0.505,0.94,6.567,5
0.378,0.834,6.537,5
0.298,0.762,6.619,4
0.258,0.747,6.685,5
0.257,0.67,6.752,5
0.305,0.627,6.785,5
0.333,0.597,6.737,5
0.428,0.592,6.637,5
0.504,0.678,6.496,5
0.615,0.739,6.433,5
0.767,0.877,6.27,5
0.874,0.943,6.151,5
0.938,0.966,5.972,5
0.975,1.009,5.83,5
1.059,0.942,5.819,5
1.152,0.888,5.837,5
1.166,0.76,5.922,5
1.145,0.569,6.111,5
1.002,0.358,6.298,5
0.802,0.208,6.551,5
0.618,0.019,6.822,5
0.397,-0.137,7.083,5
0.097,-0.383,7.427,5
-0.118,-0.623,7.942,5
-0.234,-0.805,8.535,5
-0.292,-0.818,9.084,5
-0.374,-0.659,9.342,5
-0.456,-0.357,9.484,5
-0.361,-0.083,9.496,5
0.053,0.138,9.431,5
0.741,0.157,9.334,5
1.587,0.036,9.323,5
2.401,-0.082,9.424,4
2.934,-0.302,9.864,5
3.155,-0.543,10.635,5
2.978,-0.759,11.778,5
2.531,-1.102,12.905,5
1.862,-1.6,14.177,5
1.088,-2.127,15.606,5
0.451,-2.734,16.832,5
-0.056,-3.29,17.92,5
-0.366,-3.714,18.57,5
-0.404,-3.885,18.822,5
-0.207,-3.863,18.499,5
0.1,-3.601,17.681,5
0.406,-3.233,16.516,5
0.77,-2.748,15.368,5
1.076,-2.207,14.638,5
1.296,-1.742,14.41,5
1.446,-1.41,14.443,5
1.476,-1.157,14.78,5
1.421,-1.006,15.021,5
1.156,-0.878,15.222,5
0.786,-0.827,15.158,5
0.303,-0.722,14.847,5
-0.189,-0.629,14.369,5
-0.608,-0.433,13.755,5
-0.852,-0.228,13.136,5
-1.049,0.059,12.515,5
-1.106,0.463,12.019,5
-1.107,0.878,11.29,5
-1.059,1.3,10.669,5
-1.022,1.722,10.074,4
-0.877,2.067,9.411,5
-0.738,2.355,8.908,5
-0.577,2.581,8.433,5
-0.407,2.703,7.91,5
-0.28,2.732,7.46,5
-0.218,2.737,7.125,5
-0.178,2.711,6.904,5
-0.157,2.601,6.789,5
-0.227,2.431,6.778,5
-0.307,2.243,6.826,5
-0.361,2.021,7.026,5
-0.451,1.77,7.277,5
-0.491,1.484,7.455,5
-0.542,1.213,7.585,5
-0.616,0.989,7.577,5
-0.628,0.724,7.597,5
-0.619,0.572,7.571,5
-0.628,0.462,7.45,5
-0.632,0.458,7.432,5
-0.64,0.384,7.387,5
-0.655,0.413,7.296,5
-0.686,0.493,7.089,5
-0.686,0.598,6.927,5
-0.676,0.749,6.616,5
-0.626,0.864,6.415,5
-0.592,0.947,6.168,5
-0.461,0.997,5.926,5
-0.36,1.02,5.841,5
-0.279,1.076,5.846,5
-0.139,1.081,5.841,5
-0.124,1.167,5.809,4
-0.106,1.152,5.858,5
-0.213,1.15,5.902,5
-0.281,1.12,6.013,5
-0.411,1.06,6.037,5
-0.456,1.019,6.194,5
-0.498,0.938,6.278,5
-0.585,0.864,6.429,5
-0.674,0.81,6.697,5
-0.717,0.771,6.828,5
-0.682,0.757,6.908,5
-0.666,0.744,6.997,5
-0.589,0.714,6.8,5
-0.435,0.642,6.694,5
-0.249,0.62,6.621,5
-0.084,0.498,6.682,5
0.112,0.364,6.866,5
0.334,0.235,7.124,5
0.546,0.04,7.561,5
0.766,-0.206,8.066,5
0.833,-0.468,8.804,5
0.683,-0.675,9.616,5
0.369,-0.768,10.493,5
-0.204,-0.667,11.313,5
-0.856,-0.507,11.872,5
-1.537,-0.164,11.886,5
-2.053,0.077,11.377,5
-2.34,0.224,10.593,5
-2.338,0.318,9.917,5
-2.019,0.451,9.566,5
-1.433,0.667,9.53,5
-0.681,0.884,9.792,4
-0.034,1.084,10.144,5
0.558,1.151,10.598,5
1.062,1.032,11.3,5
1.444,0.757,12.203,5
1.722,0.335,13.343,5
1.81,-0.24,14.639,5
1.624,-0.896,15.846,5
1.229,-1.597,17.052,5
0.619,-2.164,18.158,5
-0.183,-2.54,19.038,5
-1.067,-2.799,19.515,5
-1.912,-2.911,19.563,5
-2.482,-2.928,19.076,5
-2.775,-2.76,18.215,5
-2.757,-2.429,17.037,5
-2.501,-1.893,15.604,5
-2.284,-1.227,14.217,5
-2.127,-0.502,13.139,5
-2.075,0.185,12.051,5
-2.057,0.786,11.241,5
-2.006,1.226,10.614,5
-1.898,1.531,10.232,5
-1.812,1.643,10.025,5
-1.755,1.574,9.971,5
-1.688,1.444,9.988,5
-1.658,1.235,10.159,5
-1.606,1.017,10.383,5
-1.617,0.768,10.551,5
-1.496,0.488,10.643,4
-1.304,0.234,10.669,5
-1.098,0.008,10.513,5
-0.912,-0.171,10.351,5
-0.683,-0.276,10.248,5
-0.449,-0.283,10.18,5
-0.122,-0.262,10.255,5
0.176,-0.183,10.278,5
0.497,-0.115,10.299,5
0.84,0.004,10.274,5
1.127,0.165,10.147,5
1.271,0.312,9.961,5
1.354,0.454,9.659,5
1.321,0.568,9.366,5
1.198,0.744,8.949,5
1.074,0.894,8.508,5
0.975,1.065,8.091,5
0.878,1.162,7.741,5
0.732,1.266,7.563,5
0.564,1.259,7.293,5
0.467,1.228,7.274,5
0.392,1.128,7.354,5
0.371,1.051,7.408,5
0.35,0.929,7.456,5
0.354,0.846,7.477,5
0.34,0.786,7.485,5
0.373,0.716,7.484,5
0.407,0.71,7.518,5
0.421,0.724,7.589,5
0.409,0.791,7.59,5
0.352,0.887,7.518,5
0.346,0.907,7.454,4
0.378,0.906,7.217,5
0.365,0.882,7.128,5
0.333,0.885,6.965,5
0.303,0.906,6.944,5
0.254,0.965,6.97,5
0.234,0.982,7.033,5
0.264,0.989,7.097,5
0.288,0.973,7.11,5
0.289,0.949,7.134,5
0.306,0.907,7.09,5
0.295,0.867,7.049,5
0.354,0.871,6.961,5
0.441,0.792,6.719,5
0.533,0.731,6.317,5
0.605,0.595,5.849,5
0.718,0.485,5.368,5
0.794,0.437,5.036,5
0.98,0.373,4.776,5
1.227,0.279,4.912,5
1.61,0.019,5.182,5
1.909,-0.298,5.616,5
1.915,-0.519,6.566,5
1.776,-0.645,7.905,5
1.498,-0.732,9.42,5
1.106,-0.732,10.737,5
0.67,-0.66,12.018,5
0.276,-0.591,12.774,5
-0.117,-0.391,12.978,5
-0.198,-0.219,12.66,5
0.163,-0.176,11.827,5
0.846,-0.367,10.724,4
1.706,-0.603,9.752,5
2.675,-0.902,9.163,5
3.444,-1.073,9.041,5
3.749,-1.199,9.436,5
3.585,-1.19,10.529,5
3.113,-1.155,11.959,5
2.515,-1.269,13.659,5
1.913,-1.514,15.333,5
1.357,-1.95,16.889,5
0.963,-2.48,18.26,5
0.84,-2.938,19.296,5
0.926,-3.273,19.81,5
1.071,-3.533,19.712,5
1.181,-3.545,18.993,5
1.199,-3.395,17.7,5
1.069,-3.087,16.439,5
0.904,-2.672,15.334,5
0.776,-2.178,14.501,5
0.659,-1.739,14.076,5
0.579,-1.339,13.926,5
0.47,-1.014,13.797,5
0.381,-0.699,13.628,5
0.206,-0.341,13.196,5
-0.001,-0.098,12.648,5
-0.282,0.15,11.975,5
-0.518,0.368,11.225,5
-0.652,0.634,10.559,5
-0.7,0.883,9.998,5
-0.685,1.096,9.631,5
-0.677,1.362,9.406,5
-0.583,1.557,9.247,4
-0.499,1.693,9.189,5
-0.446,1.728,9.163,5
-0.408,1.808,9.209,5
-0.436,1.855,9.215,5
-0.465,1.911,9.2,5
-0.558,1.948,9.113,5
-0.657,1.933,9.024,5
-0.747,1.87,8.799,5
-0.804,1.769,8.518,5
-0.795,1.693,8.27,5
-0.691,1.636,8.038,5
-0.667,1.561,7.996,5
-0.61,1.527,7.867,5
-0.594,1.478,7.857,5
-0.58,1.422,7.833,5
-0.561,1.347,7.755,5
-0.455,1.29,7.678,5
-0.354,1.179,7.718,5
-0.304,1.061,7.741,5
-0.313,1.035,7.755,5
-0.386,1.009,7.748,5
-0.447,0.938,7.674,5
-0.603,0.831,7.574,5
-0.753,0.719,7.402,5
-0.825,0.598,7.223,5
-0.895,0.473,6.94,5
-0.949,0.365,6.702,5
-1.008,0.319,6.503,5
-1.023,0.279,6.27,5
-1.072,0.318,6.107,4
-1.099,0.343,5.871,5
-1.107,0.397,5.714,5
-1.075,0.465,5.585,5
-1.077,0.535,5.562,5
-0.967,0.654,5.643,5
-0.849,0.749,5.722,5
-0.736,0.842,5.742,5
-0.672,0.949,5.673,5
-0.704,1.007,5.617,5
-0.701,1.132,5.637,5
-0.779,1.212,5.597,5
-0.887,1.291,5.637,5
-0.935,1.405,5.611,5
-0.925,1.548,5.446,5
-0.904,1.641,5.384,5
-0.736,1.722,5.176,5
-0.492,1.775,5.103,5
-0.225,1.712,5.148,5
0.161,1.566,5.578,5
0.559,1.369,6.199,5
0.989,1.114,7.108,5
1.412,0.776,8.073,5
1.72,0.432,8.965,5
1.769,0.074,9.922,5
1.603,-0.311,10.916,5
1.244,-0.572,11.889,5
0.666,-0.82,12.762,5
-0.198,-1.013,13.432,5
-1.165,-1.166,13.724,5
-2.302,-1.169,13.611,5
-3.346,-0.923,13.201,5
-4.094,-0.529,12.288,4
-4.337,-0.144,11.245,5
-4.114,0.131,10.406,5
-3.601,0.372,9.765,5
-2.674,0.67,9.138,5
-1.52,1.091,8.917,5
-0.116,1.641,8.956,5
1.346,2.219,9.192,5
2.785,2.698,9.796,5
3.989,3.071,10.755,5
4.869,3.249,12.004,5
5.21,3.123,13.437,5
4.913,2.541,15.0,5
3.965,1.605,16.364,5
2.697,0.509,17.45,5
1.4,-0.557,18.219,5
0.015,-1.534,18.622,5
-1.253,-2.375,18.76,5
-2.263,-2.856,18.572,5
-3.137,-2.994,18.045,5
-3.698,-2.8,17.385,5
-3.79,-2.399,16.492,5
-3.429,-1.855,15.556,5
-2.772,-1.222,14.663,5
-2.035,-0.487,13.812,5
-1.467,0.309,13.063,5
-1.15,0.982,12.342,5
-1.053,1.55,11.632,5
-1.084,1.979,11.09,5
-1.161,2.251,10.672,5
-1.268,2.355,10.341,5
-1.432,2.344,10.071,4
-1.605,2.152,9.882,5
-1.697,1.846,9.892,5
-1.742,1.528,9.94,5
-1.651,1.168,10.126,5
-1.48,0.841,10.427,5
-1.146,0.562,10.778,5
-0.792,0.373,11.075,5
-0.448,0.251,11.273,5
-0.07,0.194,11.394,5
0.243,0.247,11.486,5
0.565,0.314,11.6,5
0.872,0.394,11.589,5
1.088,0.472,11.598,5
1.288,0.521,11.501,5
1.439,0.571,11.249,5
1.398,0.566,10.984,5
1.235,0.657,10.581,5
1.054,0.686,10.074,5
0.858,0.751,9.601,5
0.752,0.819,9.221,5
0.753,0.897,8.857,5
0.81,0.895,8.422,5
0.834,0.858,8.07,5
0.856,0.816,7.786,5
0.88,0.795,7.491,5
0.889,0.765,7.251,5
0.872,0.746,7.03,5
0.826,0.69,6.82,5
0.803,0.655,6.712,5
0.731,0.614,6.657,5
0.634,0.596,6.722,4
0.535,0.57,6.762,5
0.381,0.58,6.832,5
0.348,0.579,6.818,5
0.239,0.604,6.7,5
0.14,0.607,6.509,5
0.09,0.671,6.291,5
0.061,0.788,6.127,5
0.045,0.935,5.974,5
0.055,1.037,5.89,5
0.094,1.101,5.846,5
0.181,1.127,5.881,5
0.199,1.157,5.89,5
0.175,1.144,5.995,5
0.177,1.201,6.013,5
0.154,1.201,5.989,5
0.137,1.187,5.965,5
0.158,1.21,5.869,5
0.148,1.194,5.773,5
0.193,1.171,5.598,5
0.21,1.213,5.495,5
0.315,1.278,5.399,5
0.533,1.362,5.161,5
0.787,1.413,5.041,5
0.822,1.504,4.886,5
0.732,1.586,4.724,5
0.695,1.669,4.596,5
0.658,1.576,4.587,5
0.685,1.489,4.659,5
0.743,1.353,4.847,5
0.701,1.211,5.11,4
0.544,1.128,5.559,5
0.295,1.043,6.143,5
0.042,0.974,6.9,5
-0.178,0.801,7.937,5
-0.364,0.643,9.124,5
-0.456,0.525,10.248,5
-0.383,0.452,11.325,5
-0.222,0.423,12.07,5
0.24,0.17,12.621,5
0.986,-0.201,12.94,5
1.84,-0.577,13.202,5
2.472,-0.858,13.53,5
2.832,-0.97,13.891,5
2.818,-0.921,14.31,5
2.314,-0.818,14.668,5
1.61,-0.837,14.991,5
0.727,-0.925,15.397,5
-0.011,-1.205,15.757,5
-0.639,-1.63,16.206,5
-1.121,-1.997,16.643,5
-1.505,-2.219,17.031,5
-1.676,-2.252,17.143,5
-1.634,-2.065,16.986,5
-1.367,-1.805,16.458,5
-0.913,-1.518,15.813,5
-0.403,-1.247,15.117,5
0.054,-0.927,14.613,5
0.364,-0.626,14.372,5
0.587,-0.312,14.304,5
0.667,-0.049,14.414,4
0.665,0.092,14.453,5
0.588,0.164,14.404,5
0.401,0.226,14.292,5
0.224,0.31,14.149,5
0.088,0.367,13.959,5
-0.024,0.533,13.643,5
-0.163,0.748,13.31,5
-0.222,0.947,12.905,5
-0.207,1.208,12.527,5
-0.233,1.501,12.117,5
-0.177,1.78,11.647,5
-0.154,1.968,11.275,5
-0.052,2.15,10.916,5
0.032,2.294,10.662,5
0.187,2.354,10.371,5
0.302,2.388,10.153,5
0.362,2.42,9.929,5
0.388,2.455,9.746,5
0.346,2.456,9.567,5
0.291,2.403,9.37,5
0.146,2.274,9.152,5
0.005,2.092,8.833,5
-0.164,1.857,8.526,5
-0.285,1.584,8.194,5
-0.4,1.348,7.973,5
-0.461,1.14,7.762,5
-0.498,1.009,7.622,5
-0.531,0.945,7.475,5
-0.601,0.776,7.348,5
-0.631,0.672,7.201,4
-0.707,0.578,6.994,5
-0.754,0.477,6.895,5
-0.798,0.471,6.766,5
-0.813,0.464,6.692,5
-0.773,0.534,6.616,5
-0.701,0.61,6.537,5
-0.549,0.651,6.48,5
-0.453,0.679,6.345,5
-0.395,0.68,6.312,5
-0.419,0.668,6.115,5
-0.404,0.63,6.02,5
-0.5,0.57,5.946,5
-0.55,0.559,5.819,5
-0.604,0.552,5.735,5
-0.68,0.545,5.591,5
-0.786,0.554,5.498,5
-0.957,0.592,5.364,5
-1.128,0.608,5.216,5
-1.339,0.637,5.058,5
-1.494,0.654,4.914,5
-1.572,0.661,4.72,5
-1.599,0.634,4.583,5
-1.604,0.656,4.409,5
-1.539,0.675,4.313,5
-1.41,0.612,4.33,5
-1.22,0.638,4.625,5
-0.892,0.546,4.99,5
-0.556,0.434,5.422,5
-0.294,0.343,5.883,5
-0.045,0.265,6.366,4
0.063,0.162,6.752,5
0.116,0.071,7.2,5
0.06,0.014,7.733,5
0.031,-0.105,8.151,5
-0.037,-0.233,8.609,5
-0.229,-0.383,9.062,5
-0.697,-0.393,9.566,5
-1.347,-0.355,9.962,5
-2.091,-0.118,10.248,5
-2.801,0.259,10.368,5
-3.246,0.551,10.175,5
-3.352,0.642,9.894,5
-3.093,0.538,9.768,5
-2.511,0.445,9.914,5
-1.62,0.476,10.356,5
-0.576,0.682,11.04,5
0.388,0.991,11.733,5
1.242,1.27,12.281,5
1.938,1.527,13.018,5
2.459,1.599,13.933,5
2.75,1.417,14.979,5
2.658,0.964,16.118,5
2.158,0.244,17.35,5
1.475,-0.57,18.503,5
0.492,-1.321,19.347,5
-0.562,-1.861,19.832,5
-1.579,-2.147,19.75,5
-2.405,-2.242,19.26,5
-2.893,-2.128,18.371,5
-2.96,-1.88,17.176,5
-2.654,-1.422,16.069,4
-2.124,-0.833,15.11,5
-1.573,-0.143,14.355,5
-1.309,0.55,13.729,5
-1.207,1.147,13.141,5
-1.265,1.599,12.677,5
-1.447,1.862,12.288,5
-1.731,1.914,11.96,5
-2.059,1.812,11.68,5
-2.432,1.652,11.388,5
-2.669,1.372,11.089,5
-2.807,1.083,10.849,5
-2.787,0.871,10.711,5
-2.643,0.743,10.648,5
-2.32,0.669,10.511,5
-1.916,0.64,10.558,5
-1.502,0.666,10.489,5
-1.099,0.729,10.369,5
-0.792,0.748,10.264,5
-0.506,0.761,10.164,5
-0.222,0.813,9.977,5
-0.03,0.808,9.759,5
0.15,0.812,9.618,5
0.278,0.855,9.469,5
0.38,0.881,9.305,5
0.409,0.934,9.219,5
0.398,0.967,9.207,5
0.441,1.039,9.269,5
0.419,0.997,9.355,5
0.432,0.956,9.389,5
0.456,0.862,9.282,5
0.46,0.73,9.156,4
0.449,0.657,9.02,5
0.446,0.527,8.757,5
0.437,0.447,8.612,5
0.374,0.393,8.337,5
0.297,0.376,8.046,5
0.202,0.365,7.709,5
0.178,0.394,7.422,5
0.139,0.406,7.105,5
0.1,0.479,6.722,5
0.15,0.55,6.375,5
0.184,0.609,6.096,5
0.254,0.691,5.647,5
0.388,0.715,5.418,5
0.456,0.783,5.289,5
0.561,0.827,5.271,5
0.594,0.863,5.439,5
0.576,0.922,5.613,5
0.533,0.938,5.812,5
0.404,0.904,6.109,5
0.291,0.887,6.337,5
0.142,0.854,6.457,5
0.01,0.79,6.393,5
-0.146,0.757,6.29,5
-0.233,0.734,6.045,5
-0.263,0.714,5.786,5
-0.287,0.734,5.601,5
-0.269,0.763,5.34,5
-0.127,0.809,5.149,5
0.048,0.864,4.92,5
0.16,0.892,4.726,4
0.376,0.941,4.698,5
0.613,0.949,4.875,5
0.858,0.889,5.274,5
1.202,0.743,5.91,5
1.466,0.536,6.694,5
1.666,0.238,7.635,5
1.789,-0.092,8.655,5
1.753,-0.442,9.515,5
1.596,-0.754,10.462,5
1.388,-0.876,11.277,5
1.139,-0.945,11.753,5
0.711,-0.795,11.944,5
0.255,-0.475,11.657,5
-0.054,-0.057,11.112,5
-0.206,0.28,10.506,5
-0.076,0.464,9.926,5
0.398,0.384,9.495,5
1.047,0.217,9.296,5
1.655,0.026,9.457,5
2.055,-0.107,10.031,5
2.192,-0.132,10.958,5
1.989,-0.058,12.009,5
1.579,-0.022,13.075,5
1.05,-0.169,13.971,5
0.479,-0.405,14.854,5
0.003,-0.772,15.806,5
-0.322,-1.177,16.638,5
-0.443,-1.478,17.234,5
-0.369,-1.627,17.551,5
-0.169,-1.609,17.351,4
0.035,-1.51,16.694,5
0.305,-1.208,15.613,5
0.534,-0.844,14.646,5
0.74,-0.483,13.816,5
0.932,-0.137,13.435,5
1.078,0.042,13.369,5
1.164,0.139,13.643,5
1.291,0.102,14.154,5
1.302,0.08,14.716,5
1.166,0.063,15.022,5
0.974,0.073,15.029,5
0.689,0.162,15.039,5
0.494,0.3,14.695,5
0.342,0.454,14.152,5
0.194,0.645,13.467,5
0.149,0.922,12.731,5
0.111,1.195,11.971,5
0.062,1.532,11.295,5
0.131,1.883,10.579,5
0.143,2.113,10.025,5
0.154,2.391,9.501,5
0.108,2.586,9.024,5
0.057,2.695,8.617,5
-0.041,2.763,8.254,5
-0.16,2.793,8.037,5
-0.225,2.768,7.867,5
-0.316,2.695,7.738,5
-0.341,2.625,7.676,5
-0.367,2.459,7.527,5
-0.311,2.284,7.485,4
-0.291,2.08,7.451,5
-0.144,1.853,7.572,5
-0.089,1.621,7.665,5
-0.024,1.425,7.781,5
-0.048,1.283,7.969,5
-0.07,1.15,8.122,5
-0.202,1.021,8.341,5
-0.289,0.916,8.453,5
-0.436,0.859,8.54,5
-0.53,0.846,8.541,5
-0.646,0.825,8.597,5
-0.649,0.841,8.472,5
-0.625,0.882,8.366,5
-0.576,0.906,8.11,5
-0.547,1.01,7.78,5
-0.486,1.122,7.375,5
-0.509,1.196,7.064,5
-0.502,1.224,6.815,5
-0.478,1.258,6.329,5
-0.498,1.285,5.983,5
-0.592,1.264,5.74,5
-0.645,1.262,5.504,5
-0.704,1.249,5.373,5
-0.764,1.213,5.26,5
-0.802,1.142,5.176,5
-0.883,1.063,5.154,5
-0.98,0.994,5.185,5
-1.084,0.917,5.325,5
-1.145,0.842,5.43,5
-1.202,0.822,5.577,5
-1.225,0.8,5.554,4
-1.183,0.798,5.439,5
-1.132,0.825,5.386,5
-0.968,0.845,5.304,5
-0.789,0.837,5.21,5
-0.555,0.836,5.196,5
-0.281,0.74,5.272,5
-0.021,0.691,5.398,5
0.272,0.582,5.603,5
0.53,0.394,5.955,5
0.66,0.22,6.494,5
0.724,0.004,7.182,5
0.717,-0.168,7.92,5
0.7,-0.339,8.703,5
0.481,-0.481,9.574,5
0.018,-0.572,10.32,5
-0.699,-0.593,11.048,5
-1.484,-0.415,11.559,5
-2.208,-0.2,11.683,5
-2.729,-0.136,11.526,5
-2.929,-0.26,11.146,5
-2.747,-0.444,10.795,5
-2.238,-0.496,10.5,5
-1.579,-0.389,10.352,5
-0.654,-0.088,10.331,5
0.202,0.253,10.366,5
1.016,0.587,10.532,5
1.837,0.861,10.987,5
2.651,0.9,11.781,5
3.397,0.735,12.812,5
3.821,0.206,14.108,4
3.693,-0.435,15.567,5
3.102,-1.199,17.282,5
2.294,-1.894,18.97,5
1.248,-2.411,19.857,5
0.197,-2.746,19.857,5
-0.7,-2.989,19.857,5
-1.344,-3.127,19.857,5
-1.827,-3.116,19.857,5
-2.136,-2.92,18.772,5
-2.284,-2.512,16.852,5
-2.148,-1.898,15.15,5
-1.986,-1.075,13.663,5
-1.878,-0.191,12.418,5
-1.875,0.569,11.436,5
-1.886,1.179,10.642,5
-1.855,1.623,10.086,5
-1.847,1.942,9.661,5
-1.866,2.143,9.337,5
-1.854,2.176,9.19,5
-1.84,2.072,9.188,5
-1.847,1.847,9.475,5
-1.874,1.504,9.916,5
-1.757,1.065,10.536,5
-1.594,0.661,11.224,5
-1.492,0.347,11.671,5
-1.426,0.059,12.082,5
-1.408,-0.134,12.274,5
-1.327,-0.231,12.418,5
-1.168,-0.3,12.343,5
-0.994,-0.376,12.121,5
-0.868,-0.406,11.686,4
-0.744,-0.31,11.05,5
-0.555,-0.152,10.406,5
-0.4,0.072,9.856,5
-0.154,0.312,9.368,5
0.045,0.599,9.08,5
0.249,0.768,8.921,5
0.351,0.922,8.905,5
0.538,0.983,8.91,5
0.715,0.947,8.977,5
0.858,0.937,8.9,5
0.995,0.903,8.834,5
1.056,0.869,8.812,5
1.104,0.857,8.754,5
1.045,0.871,8.599,5
0.983,0.882,8.455,5
0.841,0.836,8.241,5
0.737,0.828,8.111,5
0.566,0.818,7.926,5
0.381,0.824,7.715,5
0.243,0.807,7.578,5
0.119,0.895,7.398,5
0.058,0.91,7.13,5
-0.009,0.991,6.897,5
-0.052,0.992,6.689,5
-0.086,1.057,6.444,5
-0.072,1.089,6.246,5
0.0,1.101,6.038,5
0.105,1.092,5.781,5
0.157,1.077,5.503,5
0.175,1.059,5.288,5
0.222,1.084,5.128,4
0.291,1.103,5.084,5
0.375,1.156,5.246,5
0.512,1.171,5.488,5
0.548,1.162,5.759,5
0.567,1.124,5.987,5
0.554,1.11,6.133,5
0.509,1.014,6.134,5
0.397,0.923,5.934,5
0.376,0.801,5.781,5
0.358,0.69,5.481,5
0.315,0.573,5.202,5
0.261,0.4,4.979,5
0.238,0.304,4.826,5
0.279,0.231,4.878,5
0.531,0.102,4.984,5
0.764,-0.072,5.26,5
1.068,-0.225,5.679,5
1.299,-0.399,6.342,5
1.46,-0.514,7.165,5
1.43,-0.506,8.275,5
1.345,-0.462,9.472,5
1.051,-0.424,10.622,5
0.659,-0.321,11.899,5
0.401,-0.177,13.022,5
0.135,-0.088,13.643,5
-0.067,-0.129,13.729,5
-0.053,-0.276,13.448,5
0.341,-0.531,12.928,5
1.126,-0.707,12.418,5
1.957,-0.796,12.175,5
2.578,-0.763,12.053,4
2.9,-0.554,12.217,5
2.819,-0.177,12.559,5
2.41,0.133,13.167,5
1.804,0.219,13.91,5
1.236,0.017,14.716,5
0.711,-0.393,15.538,5
0.317,-0.851,16.42,5
-0.015,-1.225,17.137,5
-0.277,-1.43,17.714,5
-0.339,-1.449,17.882,5
-0.244,-1.413,17.512,5
-0.018,-1.327,16.794,5
0.285,-1.254,15.732,5
0.531,-1.12,14.782,5
0.697,-0.917,14.081,5
0.819,-0.723,13.73,5
0.886,-0.552,13.584,5
0.961,-0.51,13.612,5
0.987,-0.518,13.588,5
0.9,-0.576,13.497,5
0.767,-0.584,13.365,5
0.6,-0.539,13.123,5
0.4,-0.388,13.06,5
0.214,-0.222,12.896,5
0.063,-0.025,12.655,5
-0.073,0.23,12.415,5
-0.163,0.499,12.077,5
-0.287,0.823,11.663,5
-0.343,1.079,11.249,5
-0.388,1.36,10.739,4
-0.401,1.536,10.292,5
-0.369,1.691,9.906,5
-0.294,1.831,9.545,5
-0.327,1.942,9.271,5
-0.316,1.995,8.963,5
-0.34,2.061,8.621,5
-0.347,2.072,8.261,5
-0.348,2.037,7.884,5
-0.305,1.973,7.469,5
-0.233,1.866,7.128,5
-0.181,1.764,6.777,5
-0.112,1.608,6.503,5
-0.024,1.429,6.345,5
-0.055,1.212,6.293,5
-0.117,1.049,6.417,5
-0.287,0.918,6.715,5
-0.364,0.828,7.096,5
-0.466,0.807,7.603,5
-0.541,0.713,7.978,5
-0.607,0.661,8.296,5
-0.646,0.613,8.421,5
-0.626,0.581,8.423,5
-0.595,0.574,8.152,5
-0.626,0.612,7.844,5
-0.627,0.644,7.405,5
-0.675,0.679,6.906,5
-0.711,0.739,6.524,5
-0.643,0.777,6.06,5
-0.588,0.81,5.503,5
-0.6,0.782,4.987,5
-0.544,0.807,4.589,4
-0.533,0.791,4.255,5
-0.553,0.818,4.076,5
-0.57,0.823,4.082,5
-0.579,0.816,4.206,5
-0.598,0.766,4.535,5
-0.604,0.726,4.884,5
-0.529,0.651,5.281,5
-0.494,0.549,5.604,5
-0.351,0.424,5.885,5
-0.189,0.359,5.974,5
-0.063,0.211,5.995,5
0.05,0.139,5.989,5
0.139,0.064,5.867,5
0.164,0.012,5.767,5
0.133,-0.082,5.712,5
0.117,-0.159,5.616,5
0.044,-0.239,5.524,5
-0.093,-0.287,5.598,5
-0.188,-0.37,5.71,5
-0.231,-0.41,5.902,5
-0.249,-0.361,6.201,5
-0.219,-0.329,6.521,5
-0.182,-0.332,7.056,5
-0.176,-0.279,7.729,5
-0.278,-0.124,8.484,5
-0.414,0.119,9.199,5
-0.51,0.39,9.886,5
-0.643,0.672,10.353,5
-0.707,0.921,10.511,5
-0.592,0.972,10.521,4
-0.372,0.95,10.409,5
-0.166,0.946,10.295,5
-0.006,1.017,10.302,5
0.083,1.114,10.434,5
0.128,1.218,10.875,5
0.122,1.248,11.629,5
0.313,1.108,12.928,5
0.665,0.726,14.632,5
1.019,0.124,16.478,5
1.298,-0.623,18.207,5
1.366,-1.392,19.857,5
1.213,-2.029,19.857,5
0.734,-2.465,19.857,5
-0.043,-2.664,19.857,5
-0.913,-2.637,19.857,5
-1.581,-2.521,19.857,5
-2.097,-2.25,19.857,5
-2.38,-1.895,19.303,5
-2.413,-1.402,17.583,5
-2.301,-0.808,16.063,5
-2.19,-0.077,14.764,5
-2.235,0.624,13.651,5
-2.304,1.234,12.868,5
-2.393,1.642,12.33,5
-2.492,1.906,12.087,5
-2.575,2.046,11.889,5
-2.634,2.065,11.888,5
-2.712,2.019,11.81,5
-2.72,1.908,11.659,5
-2.714,1.734,11.558,5
-2.605,1.568,11.343,5
-2.434,1.367,11.152,4
-2.299,1.198,11.019,5
-2.129,1.022,10.872,5
-1.933,0.844,10.788,5
-1.703,0.683,10.714,5
-1.481,0.591,10.678,5
-1.264,0.55,10.673,5
-1.054,0.516,10.569,5
-0.886,0.418,10.362,5
-0.675,0.334,10.09,5
-0.456,0.317,9.674,5
-0.343,0.269,9.349,5
-0.205,0.256,9.044,5
-0.08,0.263,8.816,5
0.046,0.311,8.689,5
0.194,0.315,8.613,5
0.351,0.351,8.55,5
0.485,0.35,8.503,5
0.622,0.328,8.371,5
0.672,0.345,8.315,5
0.727,0.341,8.222,5
0.695,0.352,8.112,5
0.638,0.383,8.002,5
0.599,0.354,7.936,5
0.547,0.33,7.696,5
0.469,0.351,7.507,5
0.341,0.332,7.328,5
0.227,0.373,7.198,5
0.113,0.396,7.014,5
-0.001,0.431,6.888,5
-0.038,0.501,6.743,4
-0.046,0.584,6.552,5
0.036,0.698,6.35,5
0.123,0.782,6.124,5
0.278,0.843,5.828,5
0.501,0.946,5.533,5
0.631,1.049,5.322,5
0.664,1.143,5.058,5
0.737,1.215,4.893,5
0.734,1.271,4.797,5
0.715,1.293,4.824,5
0.636,1.252,4.927,5
0.53,1.162,5.179,5
0.473,1.079,5.338,5
0.352,0.938,5.512,5
0.233,0.859,5.589,5
0.129,0.774,5.613,5
0.056,0.67,5.555,5
0.015,0.542,5.36,5
0.014,0.495,5.165,5
-0.027,0.461,4.978,5
-0.02,0.401,4.781,5
0.035,0.367,4.671,5
0.1,0.286,4.583,5
0.19,0.23,4.568,5
0.317,0.126,4.695,5
0.533,0.002,4.806,5
0.676,-0.108,5.015,5
0.75,-0.198,5.325,5
0.865,-0.283,5.705,5
0.894,-0.398,6.376,5
0.841,-0.479,7.346,4
0.692,-0.473,8.549,5
0.442,-0.452,9.646,5
0.221,-0.303,10.652,5
0.104,-0.162,11.247,5
0.133,-0.055,11.224,5
0.27,-0.034,10.667,5
0.696,-0.152,9.834,5
1.464,-0.444,9.086,5
2.315,-0.839,8.736,5
3.057,-1.263,8.899,5
3.538,-1.604,9.664,5
3.668,-1.889,10.996,5
3.509,-2.241,12.721,5
2.985,-2.664,14.626,5
2.294,-3.258,16.56,5
1.532,-4.106,18.972,5
1.143,-5.074,19.857,5
0.848,-6.02,19.857,5
0.628,-6.607,19.857,5
0.581,-6.87,19.857,5
0.64,-6.811,19.857,5
0.737,-6.483,19.857,5
0.935,-5.96,19.857,5
1.257,-5.293,19.857,5
1.649,-4.458,19.857,5
1.815,-3.662,19.218,5
1.748,-2.85,17.309,5
1.61,-2.154,15.838,5
1.485,-1.559,14.655,5
1.302,-1.158,13.79,5
1.093,-0.843,13.21,4
0.902,-0.595,12.744,5
0.731,-0.323,12.429,5
0.555,-0.095,12.09,5
0.431,0.181,11.631,5
0.317,0.498,11.077,5
0.281,0.749,10.596,5
0.336,0.926,9.876,5
0.413,1.066,9.123,5
0.454,1.2,8.435,5
0.488,1.325,7.89,5
0.509,1.474,7.467,5
0.432,1.605,7.235,5
0.358,1.647,7.225,5
0.269,1.591,7.304,5
0.199,1.451,7.551,5
0.141,1.272,7.899,5
0.063,1.083,8.257,5
-0.114,0.895,8.527,5
-0.294,0.741,8.749,5
-0.515,0.594,8.874,5
-0.731,0.468,8.89,5
-0.858,0.363,8.665,5
-0.956,0.351,8.405,5
-1.003,0.306,8.107,5
-0.967,0.357,7.738,5
-0.943,0.475,7.416,5
-0.837,0.604,7.07,5
-0.664,0.76,6.749,5
-0.519,0.894,6.478,5
-0.344,1.01,6.206,5
-0.203,1.113,5.999,5
-0.125,1.217,5.741,4
-0.121,1.269,5.391,5
-0.15,1.288,5.146,5
-0.263,1.267,5.098,5
-0.397,1.208,5.083,5
-0.496,1.175,5.027,5
-0.57,1.036,5.06,5
-0.621,0.928,5.187,5
-0.78,0.766,5.359,5
-0.943,0.628,5.673,5
-1.12,0.53,5.916,5
-1.221,0.432,6.183,5
-1.308,0.347,6.372,5
-1.29,0.232,6.497,5
-1.314,0.156,6.45,5
-1.239,0.1,6.29,5
-1.147,0.084,6.128,5
-1.064,0.056,5.911,5
-0.978,0.075,5.656,5
-0.825,0.139,5.415,5
-0.696,0.174,5.309,5
-0.544,0.235,5.231,5
-0.538,0.338,5.388,5
-0.546,0.415,5.66,5
-0.599,0.494,5.918,5
-0.613,0.514,6.223,5
-0.564,0.484,6.483,5
-0.551,0.457,6.697,5
-0.521,0.34,6.865,5
-0.514,0.273,7.018,5
-0.54,0.221,7.216,4
-0.561,0.193,7.3,5
-0.577,0.152,7.436,5
-0.529,0.027,7.489,5
-0.479,-0.071,7.513,5
-0.468,-0.306,7.772,5
-0.436,-0.573,8.1,5
-0.329,-0.829,8.659,5
-0.256,-1.111,9.252,5
-0.274,-1.334,9.907,5
-0.389,-1.474,10.624,5
-0.5,-1.421,11.372,5
-0.558,-1.167,11.874,5
-0.406,-0.843,12.002,5
0.0,-0.68,11.921,5
0.598,-0.685,11.673,5
1.239,-0.847,11.641,5
1.88,-1.054,11.784,5
2.398,-1.189,12.184,5
2.986,-1.261,12.934,5
3.4,-1.342,13.794,5
3.452,-1.454,14.637,5
3.221,-1.626,15.401,5
2.921,-1.889,16.333,5
2.458,-2.186,17.298,5
1.974,-2.403,18.156,5
1.454,-2.601,18.687,5
0.839,-2.748,18.656,5
0.275,-2.78,18.021,5
0.006,-2.73,17.242,5
-0.184,-2.602,16.227,5
-0.376,-2.416,15.004,4
-0.325,-2.188,14.026,5
-0.183,-1.936,13.267,5
0.036,-1.64,12.766,5
0.295,-1.409,12.609,5
0.501,-1.146,12.651,5
0.649,-1.069,12.931,5
0.722,-1.054,13.244,5
0.786,-1.182,13.676,5
0.861,-1.373,14.092,5
0.737,-1.505,14.263,5
0.55,-1.686,14.189,5
0.313,-1.776,14.068,5
-0.067,-1.871,13.729,5
-0.35,-1.872,13.309,5
-0.604,-1.786,12.86,5
-0.783,-1.702,12.341,5
-1.008,-1.521,11.725,5
-1.14,-1.379,11.219,5
-1.139,-1.21,10.733,5
-1.056,-0.987,10.253,5
-0.851,-0.706,9.914,5
-0.69,-0.381,9.652,5
-0.545,-0.008,9.257,5
-0.367,0.291,8.774,5
-0.21,0.565,8.103,5
-0.086,0.825,7.414,5
0.089,0.982,6.757,5
0.215,1.07,6.275,5
0.428,1.167,5.99,5
0.701,1.204,5.94,5
0.944,1.237,6.108,4
1.157,1.212,6.334,5
1.465,1.219,6.254,5
1.551,1.247,6.545,5
1.494,1.186,6.851,5
1.443,1.109,7.279,5
1.345,1.086,7.695,5
1.187,0.985,7.876,5
0.931,0.831,7.787,5
0.665,0.622,7.63,5
0.447,0.378,7.577,5
0.345,0.175,7.597,5
0.349,0.047,7.59,5
0.274,-0.056,7.625,5
0.212,-0.113,7.685,5
0.176,-0.241,7.675,5
0.14,-0.438,7.597,5
0.118,-0.56,7.31,5
0.049,-0.669,7.028,5
0.022,-0.71,6.8,5
-0.026,-0.758,6.602,5
-0.009,-0.817,6.507,5
-0.009,-0.802,6.594,5
-0.081,-0.844,6.677,5
-0.186,-0.727,6.959,5
-0.302,-0.638,7.223,5
-0.389,-0.514,7.366,5
-0.415,-0.57,7.386,5
-0.38,-0.653,7.385,5
-0.27,-0.76,7.41,5
0.003,-0.83,7.422,5
0.242,-0.888,7.553,4
0.48,-0.828,7.939,5
0.65,-0.783,8.595,5
0.857,-0.773,9.275,5
0.985,-0.744,10.026,5
1.017,-0.747,10.7,5
0.914,-0.716,11.11,5
0.641,-0.691,11.153,5
0.27,-0.653,11.021,5
-0.168,-0.503,10.753,5
-0.491,-0.431,10.214,5
-0.828,-0.43,9.668,5
-1.044,-0.465,9.074,5
-1.092,-0.386,8.473,5
-0.939,-0.244,8.059,5
-0.626,-0.058,7.713,5
-0.23,0.149,7.559,5
0.237,0.432,7.65,5
0.782,0.707,7.988,5
1.357,0.986,8.504,5
1.965,1.111,9.081,5
2.455,1.126,9.724,5
2.829,0.944,10.377,5
3.211,0.412,11.036,5
3.304,-0.127,12.047,5
3.104,-0.661,13.173,5
2.574,-1.116,14.285,5
2.129,-1.561,15.56,5
1.819,-2.032,16.736,5
1.346,-2.428,17.616,5
0.702,-2.636,18.14,5
-0.02,-2.512,17.826,4
-0.702,-2.215,16.864,5
-1.281,-1.908,15.546,5
-1.746,-1.591,14.152,5
-1.802,-1.322,12.773,5
-1.687,-0.935,11.577,5
-1.581,-0.449,10.846,5
-1.32,0.024,10.353,5
-1.056,0.458,10.083,5
-0.845,0.834,9.995,5
-0.506,1.223,9.965,5
-0.13,1.591,9.989,5
0.306,1.833,10.095,5
0.764,1.982,10.111,5
1.067,2.033,10.19,5
1.15,2.057,10.205,5
1.083,1.973,10.316,5
0.638,1.799,10.199,5
0.12,1.555,9.956,5
-0.179,1.182,9.629,5
-0.526,0.824,9.33,5
-0.784,0.236,9.63,5
-0.603,0.067,9.591,5
-0.385,0.326,9.22,5
-0.33,0.707,8.838,5
-0.147,1.094,8.501,5
-0.333,1.296,8.035,5
-0.355,1.125,8.038,5
0.193,1.034,8.085,5
0.84,1.088,8.011,5
1.288,1.222,7.923,5
1.51,1.361,7.748,4
1.661,1.411,7.603,5
1.463,1.252,7.615,5
1.479,1.076,7.833,5
1.675,0.964,8.017,5
1.773,0.851,8.434,5
1.772,0.74,8.678,5
1.646,0.59,8.835,5
1.404,0.379,8.974,5
1.156,0.187,9.129,5
0.39,-0.057,7.384,5
-0.011,-0.256,7.182,5
0.207,-0.542,9.316,5
0.343,-0.7,10.714,5
0.1,-0.896,11.183,5
-0.187,-0.935,11.133,5
-0.389,-0.951,10.867,5
-0.518,-0.902,10.421,5
-0.573,-0.845,10.017,5
-0.452,-0.727,9.756,5
-0.321,-0.603,9.645,5
-0.134,-0.432,9.795,5
0.036,-0.262,9.984,5
0.102,-0.061,10.055,5
0.066,0.052,9.89,5
0.003,0.18,9.801,5
-0.048,0.284,9.872,5
-0.123,0.31,9.938,5
-0.162,0.33,9.789,5
-0.032,0.444,9.425,5
0.147,0.658,9.038,5
0.325,0.811,8.797,4
0.497,1.009,8.711,5
0.585,1.116,8.671,5
0.686,1.207,8.743,5
0.784,1.229,9.023,5
0.793,1.219,9.415,5
0.805,1.134,9.727,5
0.694,1.011,10.016,5
0.582,0.902,10.208,5
0.389,0.83,10.39,5
0.205,0.721,10.609,5
-0.034,0.524,10.878,5
-0.202,0.33,11.006,5
-0.398,0.17,11.082,5
-0.487,0.041,11.08,5
-0.491,-0.054,11.071,5
-0.465,-0.117,11.083,5
-0.417,-0.148,11.041,5
-0.281,-0.158,10.989,5
-0.164,-0.169,10.913,5
0.034,-0.159,10.86,5
0.199,-0.212,10.851,5
0.323,-0.145,10.823,5
0.409,-0.161,10.828,5
0.422,-0.128,10.801,5
0.476,-0.164,10.776,5
0.542,-0.194,10.845,5
0.516,-0.2,10.8,5
0.477,-0.153,10.907,5
0.413,-0.112,11.001,5
0.348,-0.104,11.156,5
0.284,-0.082,11.213,5
0.347,-0.073,11.079,4
0.412,-0.11,10.999,5
0.479,-0.133,10.893,5
0.586,-0.15,10.666,5
0.625,-0.092,10.488,5
0.684,-0.055,10.244,5
0.743,0.042,9.99,5
0.803,0.121,9.871,5
0.853,0.245,9.821,5
0.871,0.3,9.757,5
0.85,0.373,9.745,5
0.831,0.437,9.751,5
0.814,0.541,9.821,5
0.749,0.616,9.849,5
0.705,0.663,9.81,5
0.684,0.634,9.803,5
0.74,0.624,9.869,5
0.768,0.607,9.909,5
0.767,0.61,9.864,5
0.694,0.614,9.834,5
0.687,0.573,9.854,5
0.682,0.551,9.829,5
0.698,0.509,9.772,5
0.68,0.466,9.665,5
0.662,0.372,9.736,5
0.669,0.321,9.815,5
0.744,0.288,9.949,5
0.657,0.26,10.113,5
0.607,0.322,10.164,5
0.555,0.369,10.158,5
0.51,0.463,10.174,5
0.406,0.565,10.135,4
0.319,0.613,10.053,5
0.306,0.71,9.967,5
0.278,0.739,9.818,5
0.337,0.697,9.7,5
0.446,0.637,9.551,5
0.564,0.588,9.458,5
0.573,0.543,9.439,5
0.568,0.537,9.402,5
0.567,0.538,9.444,5
0.536,0.509,9.479,5
0.477,0.456,9.597,5
0.419,0.422,9.689,5
0.357,0.461,9.78,5
0.361,0.425,9.907,5
0.281,0.448,9.979,5
0.21,0.45,10.101,5
0.15,0.472,10.201,5
0.058,0.504,10.157,5
-0.094,0.518,10.154,5
-0.193,0.543,10.072,5
-0.19,0.543,9.955,5
-0.035,0.534,9.882,5
0.094,0.538,9.735,5
0.257,0.598,9.424,5
0.443,0.691,9.172,5
0.589,0.752,9.033,5
0.774,0.843,8.714,5
0.922,0.938,8.5,5
0.995,0.986,8.289,5
1.042,1.066,8.26,5
1.107,1.08,8.276,4
1.12,1.092,8.371,5
1.168,1.091,8.492,5
1.192,1.099,8.719,5
1.209,1.057,8.868,5
1.193,1.034,9.035,5
1.215,1.053,9.068,5
1.095,1.011,9.135,5
0.912,1.04,9.14,5
0.778,1.003,9.152,5
0.612,0.89,9.234,5
0.478,0.859,9.373,5
0.415,0.732,9.587,5
0.364,0.672,9.829,5
0.398,0.602,9.921,5
0.462,0.56,10.007,5
0.452,0.566,10.048,5
0.459,0.584,10.068,5
0.537,0.668,9.956,5
0.683,0.752,9.739,5
0.778,0.811,9.516,5
0.875,0.864,9.187,5
0.972,0.882,9.075,5
1.071,0.941,9.018,5
1.168,0.951,9.038,5
1.194,0.998,8.981,5
1.216,0.965,9.012,5
1.234,0.952,9.092,5
1.259,1.003,9.257,5
1.297,1.045,9.463,5
1.287,1.025,9.626,5
1.196,0.95,9.727,4
1.091,0.895,9.78,5
1.036,0.88,9.829,5
0.996,0.836,9.828,5
0.972,0.81,9.818,5
0.808,0.785,9.854,5
0.714,0.807,9.961,5
0.574,0.797,10.083,5
0.458,0.773,10.207,5
0.38,0.769,10.224,5
0.345,0.731,10.168,5
0.311,0.776,10.116,5
0.312,0.732,9.965,5
0.325,0.693,9.749,5
0.41,0.655,9.552,5
0.531,0.628,9.408,5
0.596,0.704,9.266,5
0.691,0.746,9.261,5
0.774,0.732,9.281,5
0.888,0.746,9.46,5
0.952,0.738,9.579,5
1.005,0.73,9.722,5
1.013,0.783,9.808,5
1.007,0.821,9.847,5
1.002,0.81,9.825,5
0.937,0.764,9.822,5
0.861,0.783,9.797,5
0.753,0.77,9.765,5
0.55,0.723,9.812,5
0.518,0.726,9.838,5
0.509,0.667,9.874,5
0.574,0.718,10.017,4
0.617,0.749,10.082,5
0.606,0.791,10.117,5
0.578,0.806,10.074,5
0.494,0.783,10.064,5
0.517,0.783,10.054,5
0.562,0.758,9.975,5
0.597,0.718,9.888,5
0.652,0.656,9.845,5
0.762,0.623,9.761,5
0.951,0.622,9.707,5
1.048,0.659,9.728,5
1.111,0.68,9.698,5
1.165,0.71,9.697,5
1.082,0.742,9.694,5
0.893,0.714,9.622,5
0.751,0.719,9.588,5
0.671,0.696,9.609,5
0.634,0.618,9.604,5
0.577,0.622,9.688,5
0.547,0.615,9.889,5
0.555,0.666,9.995,5
0.506,0.645,10.075,5
0.537,0.63,10.09,5
0.623,0.585,9.988,5
0.769,0.604,9.92,5
0.855,0.643,9.765,5
0.904,0.637,9.675,5
0.906,0.728,9.546,5
0.858,0.742,9.524,5
0.842,0.728,9.589,5
0.899,0.789,9.639,4
0.931,0.761,9.628,5
0.976,0.765,9.691,5
0.99,0.829,9.631,5
0.969,0.887,9.697,5
0.934,0.937,9.618,5
0.963,0.944,9.553,5
0.974,0.895,9.504,5
1.002,0.749,9.536,5
0.93,0.675,9.698,5
0.802,0.652,9.861,5
0.693,0.643,10.033,5
0.729,0.647,10.063,5
0.792,0.664,10.009,5
0.834,0.66,9.791,5
0.903,0.68,9.651,5
0.952,0.746,9.592,5
0.914,0.78,9.578,5
0.856,0.792,9.679,5
0.758,0.761,9.772,5
0.679,0.654,9.913,5
0.53,0.628,9.987,5
0.456,0.482,10.138,5
0.414,0.471,10.214,5
0.366,0.506,10.313,5
0.357,0.552,10.355,5
0.361,0.599,10.302,5
0.325,0.597,10.156,5
0.324,0.622,9.945,5
0.321,0.634,9.908,5
0.382,0.64,9.779,5
0.361,0.597,9.645,5
0.401,0.594,9.46,4
0.345,0.569,9.461,5
0.37,0.543,9.487,5
0.391,0.583,9.514,5
0.477,0.581,9.547,5
0.554,0.648,9.547,5
0.594,0.737,9.593,5
0.577,0.774,9.779,5
0.541,0.785,10.017,5
0.504,0.808,10.021,5
0.598,0.85,9.87,5
0.649,0.874,9.619,5
0.722,0.885,9.336,5
0.722,0.947,9.231,5
0.694,0.976,9.088,5
0.643,0.924,9.137,5
0.577,0.95,9.347,5
0.383,0.956,9.651,5
0.271,0.976,9.913,5
0.233,0.903,10.014,5
0.228,0.873,10.054,5
0.227,0.853,9.899,5
0.216,0.883,9.698,5
0.224,0.971,9.454,5
0.303,1.013,9.251,5
0.393,1.059,9.088,5
0.476,1.114,9.031,5
0.536,1.183,9.139,5
0.612,1.25,8.875,5
0.95,1.371,7.281,5
0.993,1.548,7.505,4
0.695,1.541,9.446,5
0.453,1.448,10.339,5
0.24,1.256,10.263,5
-0.043,1.111,9.97,5
-0.194,0.958,9.461,5
-0.212,1.01,9.077,5
-0.205,0.994,9.114,5
-0.099,0.986,9.405,5
0.0,0.91,9.675,5
0.096,0.808,9.993,5
0.166,0.654,10.357,5
0.165,0.509,10.727,5
0.365,0.467,11.011,5
0.396,0.335,11.079,5
0.259,0.337,10.915,5
0.036,0.432,10.711,5
-0.035,0.506,10.579,5
-0.063,0.528,10.599,5
-0.099,0.603,10.605,5
-0.063,0.662,10.434,5
-0.018,0.81,10.321,5
-0.111,1.048,9.826,5
0.2,0.83,9.334,5
0.704,0.531,9.112,5
0.945,0.399,9.191,5
0.858,0.392,9.654,5
0.519,0.516,10.104,5
0.106,0.681,10.476,5
-0.254,0.713,10.746,5
-0.422,0.639,10.814,4
-0.458,0.513,10.775,5
-0.556,0.35,10.799,5
-0.589,0.249,10.728,5
-0.594,0.187,10.601,5
-0.584,0.242,10.414,5
-0.547,0.341,10.303,5
-0.493,0.472,10.141,5
-0.446,0.584,10.049,5
-0.404,0.681,9.933,5
-0.371,0.729,9.842,5
-0.316,0.751,9.798,5
-0.313,0.739,9.748,5
-0.275,0.74,9.686,5
-0.268,0.726,9.567,5
-0.259,0.727,9.447,5
-0.301,0.748,9.373,5
-0.332,0.72,9.422,5
-0.308,0.645,9.466,5
-0.272,0.612,9.446,5
-0.319,0.584,9.576,5
-0.333,0.518,9.727,5
-0.258,0.463,9.835,5
-0.237,0.433,9.918,5
-0.324,0.405,10.029,5
-0.328,0.381,10.192,5
-0.362,0.345,10.217,5
-0.426,0.317,10.398,5
-0.466,0.293,10.483,5
-0.504,0.279,10.579,5
-0.53,0.265,10.609,4
-0.488,0.288,10.536,5
-0.437,0.287,10.534,5
-0.434,0.319,10.453,5
-0.459,0.402,10.343,5
-0.52,0.448,10.236,5
-0.62,0.511,10.068,5
-0.641,0.56,9.991,5
-0.662,0.607,9.918,5
-0.729,0.579,9.896,5
-0.813,0.581,9.885,5
-0.876,0.53,9.963,5
-0.936,0.49,10.062,5
-1.014,0.511,10.043,5
-1.027,0.524,10.073,5
-1.084,0.52,10.124,5
-1.07,0.551,10.128,5
