0.478,0.074,9.769,0
0.634,0.021,9.888,4
0.719,-0.15,9.353,5
0.594,0.15,10.118,5
-0.148,0.116,9.672,5
-0.857,0.153,9.888,5
-0.751,0.232,9.747,5
0.248,0.114,9.739,5
1.323,-0.096,9.84,5
1.679,-0.232,9.732,5
0.586,-0.09,9.776,5
0.117,0.172,9.889,5
0.09,-0.007,9.711,5
0.099,0.08,9.854,5
0.172,0.087,9.78,5
-0.004,0.084,9.806,5
-0.255,0.166,9.837,5
-0.483,0.233,9.717,5
-0.215,0.199,9.803,5
0.021,0.186,9.819,5
0.37,0.039,9.792,5
0.51,-0.046,9.767,5
0.527,-0.141,9.8,5
0.446,-0.144,9.786,5
0.396,-0.076,9.827,5
0.249,-0.008,9.783,5
0.182,0.076,9.748,5
0.133,0.045,9.803,5
0.133,0.05,9.796,5
0.158,0.07,9.821,5
0.162,0.033,9.802,5
0.135,0.037,9.819,5
0.13,0.047,9.827,5
0.15,0.049,9.789,5
0.14,0.025,9.805,5
0.167,0.041,9.839,5
0.133,0.064,9.825,5
0.139,0.034,9.78,5
0.157,0.052,9.794,5
0.143,0.049,9.816,5
0.141,0.048,9.733,5
0.177,0.044,9.813,5
0.152,0.05,9.798,5
0.144,0.034,9.77,5
0.172,0.05,9.8,5
0.157,0.076,9.79,5
0.139,0.065,9.767,5
0.148,0.034,9.827,5
0.143,0.055,9.825,5
0.13,0.049,9.824,5
0.14,0.057,9.775,5
0.136,0.064,9.787,5
0.152,0.048,9.818,5
0.137,0.053,9.794,5
0.131,0.034,9.815,5
0.156,0.071,9.78,5
0.14,0.029,9.791,4
0.154,0.062,9.758,5
0.117,0.025,9.817,5
0.108,0.034,9.768,5
0.102,0.073,9.802,5
0.113,0.054,9.793,5
0.045,0.055,9.779,5
-0.057,0.052,9.837,5
-0.155,0.061,9.79,5
-0.21,0.085,9.779,5
-0.1,0.098,9.814,5
0.068,0.096,9.821,5
0.157,0.064,9.817,5
0.182,0.028,9.82,5
0.187,0.08,9.796,5
0.14,0.025,9.768,5
0.02,0.065,9.775,5
-0.018,0.073,9.775,5
-0.015,0.041,9.83,5
0.032,0.086,9.758,5
0.19,0.024,9.854,5
0.197,0.026,9.76,5
0.09,0.044,9.805,5
-0.019,0.08,9.788,5
-0.176,0.068,9.806,5
-0.278,0.062,9.858,5
-0.298,0.074,9.834,5
-0.229,0.095,9.756,5
-0.254,0.15,9.836,5
-0.346,0.198,9.82,5
-0.032,0.304,9.73,5
0.112,0.189,9.843,5
0.311,0.134,9.797,5
0.547,0.068,9.751,5
0.601,-0.008,9.858,5
0.534,-0.068,9.816,5
0.352,-0.055,9.797,5
0.228,0.011,9.839,5
0.163,0.042,9.763,5
0.121,0.079,9.844,5
0.104,0.06,9.779,5
-0.091,0.082,9.805,5
-0.15,0.18,9.81,5
-0.248,0.149,9.807,5
-0.372,0.173,9.731,5
-0.161,0.163,9.739,5
-0.07,0.135,9.812,5
0.03,0.127,9.787,5
0.017,0.071,9.809,5
-0.037,0.058,9.829,5
-0.046,0.08,9.799,5
-0.129,0.099,9.815,5
-0.115,0.145,9.783,5
-0.115,0.183,9.896,5
-0.218,0.235,9.801,4
-0.3,0.273,9.807,5
-0.509,0.283,9.69,5
-0.539,0.253,9.749,5
-0.462,0.148,9.721,5
-0.192,0.045,9.881,5
-0.026,-0.105,9.74,5
0.122,-0.253,9.666,5
0.279,-0.404,9.819,5
0.579,-0.496,9.86,5
0.374,-0.497,9.654,5
-0.07,-0.39,9.699,5
-0.048,-0.177,10.036,5
-0.272,0.02,9.779,5
-0.832,0.156,9.642,5
-1.312,0.336,9.824,5
-1.461,0.466,9.809,5
-1.713,0.623,9.855,5
-2.137,0.735,9.84,5
-2.401,0.806,9.775,5
-2.337,0.819,9.839,5
-1.889,0.657,9.839,5
-1.247,0.316,9.72,5
-1.146,-0.147,9.971,5
-0.322,-0.395,9.687,5
0.591,-0.611,9.721,5
1.439,-0.752,9.809,5
2.149,-0.829,9.898,5
2.496,-0.796,9.751,5
2.686,-0.781,9.946,5
2.58,-0.73,9.958,5
2.502,-0.658,9.514,5
2.572,-0.55,9.764,5
2.563,-0.441,9.93,5
2.261,-0.243,9.684,5
1.703,-0.047,9.79,5
0.69,0.204,9.664,5
-0.716,0.45,9.805,5
-2.038,0.701,9.924,5
-2.984,0.933,9.743,5
-3.397,0.972,9.853,5
-3.564,0.923,9.84,5
-3.461,0.851,9.845,5
-3.009,0.732,9.922,5
-2.219,0.447,9.909,5
-1.684,0.267,9.46,5
-0.868,0.057,10.11,5
-0.171,-0.153,9.804,5
0.48,-0.347,9.728,5
1.019,-0.45,9.825,5
1.551,-0.614,9.767,5
2.106,-0.994,9.73,5
2.331,-1.141,9.77,5
2.339,-1.088,9.805,5
2.406,-0.976,9.72,5
2.475,-0.908,9.928,4
2.418,-0.811,9.749,5
2.462,-0.712,9.831,5
2.419,-0.577,9.805,5
2.466,-0.456,9.804,5
2.519,-0.363,9.818,5
2.484,-0.222,9.812,5
2.574,-0.122,9.799,5
-0.093,0.074,9.597,5
-0.449,0.003,9.605,5
0.061,0.128,9.825,5
-0.599,0.26,10.002,5
-1.187,0.401,10.018,5
-1.332,0.47,9.735,5
-1.186,0.412,9.789,5
-0.798,0.283,9.806,5
-0.59,0.171,9.687,5
-0.359,0.076,9.8,5
-0.112,-0.022,9.813,5
0.084,-0.095,9.781,5
0.346,-0.177,9.803,5
0.582,-0.235,9.824,5
0.761,-0.228,9.857,5
0.802,-0.259,9.786,5
0.812,-0.263,9.807,5
0.701,-0.208,9.818,5
0.489,-0.121,9.774,5
0.236,-0.035,9.84,5
-0.249,0.078,9.845,5
-0.886,0.235,9.77,5
-1.417,0.393,9.821,5
-1.744,0.446,9.782,5
-1.927,0.453,9.777,5
-1.846,0.333,9.819,5
-1.59,0.225,9.77,5
-1.212,0.065,9.74,5
-0.757,-0.074,9.775,5
-0.346,-0.184,9.81,5
-0.123,-0.205,9.78,5
-0.021,-0.195,9.74,5
-0.019,-0.132,9.785,5
0.017,-0.101,9.787,5
-0.186,-0.004,9.833,5
-0.378,0.106,9.823,5
-0.618,0.192,9.782,5
-0.902,0.241,9.867,5
-1.07,0.234,9.837,5
-1.253,0.223,9.797,5
-1.364,0.234,9.825,5
-1.449,0.214,9.746,5
-1.471,0.201,9.93,5
-1.624,0.151,9.758,5
-1.675,0.159,9.724,4
-1.635,0.131,9.896,5
-1.596,0.067,9.75,5
-1.556,0.011,9.81,5
-1.458,-0.05,9.793,5
-1.349,-0.187,9.836,5
-1.095,-0.234,9.907,5
-0.911,-0.299,9.845,5
-0.82,-0.339,9.757,5
-0.605,-0.45,9.862,5
-0.382,-0.509,9.768,5
-0.126,-0.606,9.637,5
0.17,-0.702,9.833,5
0.433,-0.733,9.739,5
0.777,-0.758,9.807,5
1.235,-0.827,9.758,5
1.709,-0.945,9.834,5
2.212,-1.12,9.727,5
2.562,-1.145,9.751,5
2.48,-1.035,10.004,5
2.447,-0.981,9.77,5
2.448,-0.875,9.813,5
2.485,-0.808,9.811,5
2.559,-0.767,9.812,5
2.523,-0.713,9.785,5
2.532,-0.626,9.66,5
2.543,-0.587,9.847,5
2.496,-0.546,9.711,5
2.56,-0.533,9.859,5
2.503,-0.46,9.778,5
2.53,-0.432,9.849,5
2.55,-0.393,9.759,5
2.632,-0.368,9.794,5
0.516,-0.13,9.87,5
-0.64,0.037,9.681,5
0.143,-0.061,9.83,5
0.193,-0.055,9.803,5
0.042,-0.086,9.778,5
0.183,-0.053,9.815,5
0.101,-0.086,9.845,5
0.117,-0.043,9.787,5
0.14,-0.072,9.825,5
0.101,-0.049,9.745,5
0.108,-0.041,9.811,5
0.083,-0.065,9.804,5
0.162,-0.041,9.798,5
0.117,-0.078,9.785,5
0.111,-0.034,9.787,5
0.101,-0.035,9.8,5
0.13,-0.043,9.819,5
0.14,-0.061,9.83,5
0.118,-0.074,9.799,5
0.154,-0.063,9.803,5
0.124,-0.038,9.794,4
0.14,-0.056,9.767,5
0.113,-0.023,9.794,5
0.117,-0.041,9.787,5
0.122,-0.038,9.825,5
0.139,-0.053,9.81,5
0.124,-0.07,9.822,5
0.1,-0.025,9.803,5
0.136,-0.063,9.821,5
0.097,-0.044,9.803,5
0.109,-0.061,9.81,5
0.094,-0.064,9.826,5
0.106,-0.064,9.814,5
0.13,-0.049,9.802,5
0.122,-0.023,9.815,5
0.13,-0.053,9.803,5
0.103,-0.028,9.794,5
0.136,-0.033,9.779,5
0.112,-0.041,9.782,5
0.148,-0.023,9.776,5
0.091,-0.042,9.854,5
0.117,-0.016,9.788,5
0.137,-0.032,9.808,5
0.143,-0.05,9.783,5
0.087,-0.047,9.771,5
0.121,-0.064,9.76,5
0.122,-0.055,9.807,5
0.107,-0.055,9.806,5
0.135,-0.058,9.809,5
0.122,-0.02,9.858,5
0.135,-0.064,9.819,5
0.119,-0.046,9.837,5
0.113,-0.07,9.81,5
0.108,-0.059,9.867,5
0.114,-0.052,9.812,5
0.125,-0.055,9.814,5
0.115,-0.034,9.794,5
0.107,-0.038,9.808,5
0.109,-0.037,9.782,5
0.114,-0.065,9.813,5
0.156,-0.047,9.787,5
0.115,-0.055,9.784,5
0.119,-0.04,9.815,5
0.147,-0.05,9.8,5
0.124,-0.03,9.797,5
0.126,-0.044,9.765,5
0.142,-0.046,9.825,5
0.114,-0.058,9.798,5
0.139,-0.076,9.774,5
0.105,-0.079,9.813,5
0.102,-0.049,9.831,5
0.129,-0.081,9.817,5
0.137,-0.028,9.791,5
0.137,-0.038,9.8,5
0.115,-0.035,9.816,4
0.12,-0.055,9.763,5
0.118,-0.043,9.77,5
0.099,-0.037,9.807,5
0.124,-0.057,9.807,5
0.118,-0.044,9.782,5
0.116,-0.04,9.778,5
0.131,-0.059,9.83,5
0.151,-0.043,9.799,5
0.164,-0.055,9.794,5
0.146,-0.05,9.813,5
0.13,-0.07,9.818,5
0.131,-0.04,9.803,5
0.102,-0.062,9.794,5
0.116,-0.054,9.787,5
0.131,-0.07,9.76,5
0.111,-0.028,9.81,5
0.137,-0.026,9.812,5
0.125,-0.044,9.813,5
0.144,-0.046,9.793,5
0.134,-0.053,9.764,5
0.122,-0.067,9.801,5
0.134,-0.053,9.781,5
0.112,-0.03,9.793,5
0.128,-0.037,9.822,5
0.12,-0.042,9.798,5
0.091,-0.035,9.81,5
0.123,-0.025,9.778,5
0.118,-0.081,9.796,5
0.127,-0.076,9.834,5
0.125,-0.057,9.775,5
0.123,-0.05,9.799,5
0.142,-0.036,9.771,5
0.138,-0.043,9.793,5
0.125,-0.066,9.836,5
0.129,-0.066,9.849,5
0.122,-0.019,9.794,5
0.101,-0.073,9.802,5
0.143,-0.052,9.778,5
0.131,-0.064,9.837,5
0.123,-0.064,9.824,5
0.13,-0.052,9.807,5
0.119,-0.042,9.809,5
0.139,-0.046,9.813,5
0.14,-0.068,9.825,5
0.109,-0.057,9.773,5
0.134,-0.04,9.787,5
0.125,-0.043,9.781,5
0.146,-0.058,9.834,5
0.125,-0.068,9.809,5
0.13,-0.052,9.792,5
0.13,-0.036,9.819,4
0.112,-0.048,9.794,5
0.114,-0.022,9.801,5
0.108,-0.026,9.785,5
0.122,-0.037,9.824,5
0.112,-0.033,9.842,5
0.134,-0.04,9.807,5
0.158,-0.029,9.791,5
0.105,-0.04,9.822,5
0.155,-0.062,9.785,5
0.124,-0.057,9.793,5
0.124,-0.04,9.787,5
0.121,-0.035,9.777,5
0.141,-0.044,9.818,5
0.13,-0.035,9.803,5
0.125,-0.055,9.791,5
0.142,-0.05,9.772,5
0.108,-0.056,9.782,5
0.139,-0.052,9.797,5
0.127,-0.058,9.791,5
0.094,-0.074,9.835,5
0.119,-0.076,9.775,5
0.136,-0.079,9.839,5
0.115,-0.052,9.778,5
0.143,-0.04,9.803,5
0.13,-0.061,9.824,5
0.15,-0.023,9.79,5
0.13,-0.019,9.778,5
0.118,-0.062,9.813,5
0.109,-0.04,9.79,5
0.144,-0.049,9.749,5
0.128,-0.015,9.811,5
0.131,-0.06,9.835,5
0.146,-0.047,9.794,5
0.14,-0.058,9.78,5
0.115,-0.039,9.828,5
0.134,-0.055,9.81,5
0.119,-0.047,9.76,5
0.11,-0.037,9.811,5
0.128,-0.019,9.8,5
0.143,-0.048,9.776,5
0.124,-0.041,9.785,5
0.102,-0.041,9.767,5
0.117,-0.042,9.79,5
0.107,-0.023,9.77,5
0.139,-0.049,9.793,5
0.123,-0.061,9.798,5
0.156,-0.015,9.765,5
0.124,-0.046,9.797,5
0.134,-0.038,9.788,5
0.121,-0.049,9.81,5
0.116,-0.038,9.826,5
0.125,-0.026,9.789,5
0.128,-0.065,9.827,5
0.138,-0.056,9.793,5
0.143,-0.073,9.779,4
0.13,-0.056,9.783,5
0.106,-0.049,9.779,5
0.121,-0.028,9.791,5
0.106,-0.032,9.791,5
0.121,-0.056,9.761,5
0.121,-0.061,9.816,5
0.13,-0.051,9.767,5
0.166,-0.022,9.786,5
0.133,-0.046,9.803,5
0.115,-0.086,9.778,5
0.127,-0.037,9.77,5
0.13,-0.057,9.745,5
0.125,-0.035,9.711,5
0.125,-0.079,9.903,5
0.134,-0.029,9.785,5
0.127,-0.059,9.804,5
0.117,-0.08,9.813,5
0.111,-0.057,9.789,5
0.145,-0.061,9.748,5
0.153,-0.089,9.773,5
0.142,-0.062,9.8,5
0.148,-0.038,9.786,5
0.097,-0.05,9.797,5
0.137,-0.08,9.802,5
0.133,-0.056,9.8,5
0.104,-0.047,9.809,5
0.117,-0.026,9.778,5
0.142,-0.043,9.818,5
0.135,-0.064,9.74,5
0.091,-0.062,9.724,5
0.17,-0.023,9.846,5
0.127,-0.055,9.757,5
0.179,-0.059,9.859,5
0.114,-0.059,9.779,5
0.091,-0.061,9.823,5
0.102,-0.044,9.812,5
0.1,-0.063,9.76,5
0.124,-0.027,9.84,5
0.105,-0.04,9.799,5
0.102,-0.059,9.785,5
0.027,-0.034,9.756,5
-0.038,-0.028,9.832,5
-0.369,0.027,9.775,5
-0.624,0.093,9.807,5
-0.694,0.158,9.881,5
-0.817,0.188,9.758,5
-0.902,0.231,9.799,5
-1.0,0.337,9.811,5
-0.951,0.37,9.756,5
-0.843,0.384,9.869,5
-0.735,0.378,9.791,5
-0.507,0.324,9.876,5
-0.242,0.222,9.826,5
-0.078,0.1,9.734,4
0.261,-0.047,9.857,5
0.494,-0.189,9.815,5
0.727,-0.289,9.736,5
0.832,-0.418,9.749,5
0.914,-0.523,9.797,5
0.91,-0.576,9.72,5
0.908,-0.547,9.823,5
0.799,-0.499,9.708,5
0.663,-0.438,9.737,5
0.512,-0.319,9.737,5
0.261,-0.24,9.816,5
0.005,-0.146,9.821,5
-0.306,-0.065,9.842,5
-0.503,-0.013,9.764,5
-0.659,-0.032,9.769,5
-0.768,-0.005,9.818,5
-0.646,-0.013,9.833,5
-0.635,-0.007,9.723,5
-0.48,-0.08,9.813,5
-0.216,-0.084,9.836,5
0.099,-0.131,9.85,5
0.395,-0.165,9.812,5
0.758,-0.229,9.847,5
0.907,-0.21,9.719,5
0.972,-0.175,9.868,5
0.961,-0.158,9.763,5
0.928,-0.155,9.807,5
0.771,-0.149,9.831,5
0.56,-0.144,9.831,5
0.357,-0.117,9.774,5
0.067,-0.113,9.842,5
-0.136,-0.131,9.781,5
-0.2,-0.101,9.782,5
-0.144,-0.034,9.823,5
-0.068,-0.079,9.8,5
-0.048,-0.102,9.79,5
-0.052,-0.025,9.74,5
-0.013,0.001,9.837,5
0.064,0.026,9.766,5
0.281,0.021,9.766,5
0.48,0.048,9.881,5
0.641,0.012,9.785,5
0.802,-0.057,9.88,5
0.95,-0.168,9.751,5
1.104,-0.203,9.784,5
1.315,-0.184,9.828,5
1.461,-0.201,9.757,5
-0.133,-0.056,9.81,5
0.191,-0.044,9.798,5
0.124,-0.063,9.74,5
0.17,-0.063,9.822,5
0.1,-0.049,9.733,5
0.142,-0.059,9.821,5
0.124,-0.053,9.749,4
0.131,-0.064,9.791,5
0.149,-0.065,9.797,5
0.116,-0.051,9.818,5
0.131,-0.076,9.827,5
0.157,-0.081,9.834,5
0.154,-0.064,9.809,5
0.143,-0.055,9.791,5
0.159,-0.065,9.785,5
0.101,-0.077,9.807,5
0.127,-0.056,9.806,5
0.123,-0.091,9.83,5
0.127,-0.073,9.808,5
0.073,-0.067,9.809,5
0.094,-0.052,9.838,5
0.063,-0.092,9.758,5
0.021,-0.057,9.824,5
-0.123,-0.016,9.717,5
-0.538,0.011,9.784,5
-1.021,0.085,9.805,5
-1.245,0.13,9.819,5
-1.04,0.12,9.809,5
-0.603,0.097,9.799,5
-0.113,0.012,9.819,5
0.335,-0.052,9.72,5
0.606,-0.082,9.803,5
0.824,-0.156,9.854,5
1.099,-0.217,9.816,5
0.639,-0.18,9.643,5
0.686,-0.15,9.899,5
0.515,-0.174,9.832,5
0.356,-0.105,9.765,5
0.207,-0.047,9.828,5
0.085,-0.055,9.852,5
0.042,-0.023,9.815,5
0.034,-0.006,9.765,5
-0.015,-0.048,9.829,5
-0.134,0.004,9.775,5
-0.221,0.034,9.799,5
-0.285,0.02,9.849,5
-0.492,0.078,9.722,5
-0.412,0.029,9.775,5
-0.166,-0.034,9.837,5
0.128,-0.087,9.796,5
0.269,-0.143,9.793,5
0.505,-0.204,9.824,5
0.67,-0.208,9.764,5
0.753,-0.219,9.819,5
0.815,-0.234,9.818,5
0.782,-0.254,9.786,5
0.638,-0.218,9.805,5
0.581,-0.198,9.77,5
0.595,-0.201,9.797,5
0.279,-0.14,9.855,4
0.145,-0.056,9.757,5
0.089,-0.053,9.796,5
0.151,-0.071,9.842,5
0.122,-0.083,9.797,5
0.103,-0.08,9.81,5
0.143,-0.066,9.789,5
0.109,-0.084,9.815,5
0.111,-0.067,9.819,5
0.15,-0.089,9.782,5
0.138,-0.095,9.763,5
0.121,-0.052,9.803,5
0.119,-0.084,9.807,5
0.122,-0.079,9.77,5
0.101,-0.079,9.79,5
0.087,-0.079,9.807,5
0.117,-0.07,9.85,5
0.106,-0.057,9.788,5
0.092,-0.062,9.838,5
0.134,-0.076,9.809,5
0.115,-0.056,9.807,5
0.116,-0.043,9.769,5
0.108,-0.073,9.776,5
0.139,-0.053,9.789,5
0.117,-0.072,9.812,5
0.103,-0.057,9.786,5
0.114,-0.074,9.809,5
0.127,-0.063,9.804,5
0.141,-0.071,9.839,5
0.152,-0.058,9.815,5
0.142,-0.089,9.842,5
0.17,-0.067,9.826,5
0.112,-0.099,9.802,5
0.158,-0.083,9.78,5
0.128,-0.078,9.813,5
0.154,-0.071,9.787,5
0.087,-0.086,9.84,5
0.131,-0.08,9.745,5
0.134,-0.064,9.804,5
0.084,-0.098,9.793,5
0.14,-0.111,9.781,5
0.151,-0.088,9.818,5
0.117,-0.072,9.811,5
0.124,-0.056,9.781,5
0.112,-0.084,9.81,5
0.112,-0.082,9.784,5
0.109,-0.059,9.823,5
0.12,-0.069,9.855,5
0.134,-0.077,9.766,5
0.125,-0.028,9.799,5
0.133,-0.074,9.799,5
0.104,-0.108,9.802,5
0.12,-0.071,9.794,4
0.13,-0.065,9.807,5
0.12,-0.079,9.813,5
0.121,-0.098,9.788,5
0.114,-0.082,9.758,5
0.152,-0.059,9.85,5
0.15,-0.074,9.776,5
0.131,-0.059,9.799,5
0.118,-0.082,9.781,5
0.119,-0.081,9.828,5
0.091,-0.066,9.811,5
0.117,-0.095,9.821,5
0.108,-0.08,9.806,5
0.12,-0.088,9.831,5
0.115,-0.065,9.813,5
0.134,-0.08,9.816,5
0.122,-0.063,9.82,5
0.131,-0.075,9.8,5
0.111,-0.082,9.814,5
0.146,-0.096,9.797,5
0.152,-0.063,9.778,5
0.139,-0.058,9.787,5
0.14,-0.092,9.825,5
0.112,-0.049,9.839,5
0.105,-0.04,9.797,5
0.114,-0.095,9.797,5
0.132,-0.052,9.818,5
0.097,-0.07,9.805,5
0.09,-0.108,9.843,5
0.073,-0.039,9.804,5
-0.02,-0.053,9.773,5
-0.106,0.002,9.787,5
-0.205,0.055,9.806,5
-0.057,0.001,9.825,5
-0.072,-0.006,9.796,5
-0.004,-0.004,9.79,5
0.04,-0.061,9.833,5
0.046,-0.082,9.784,5
0.015,-0.034,9.763,5
-0.109,-0.019,9.805,5
-0.266,0.02,9.795,5
-0.327,0.037,9.827,5
-0.404,0.047,9.785,5
-0.547,0.005,9.783,5
-0.616,-0.005,9.83,5
-0.616,-0.042,9.734,5
-0.68,-0.058,9.706,5
-0.622,-0.111,9.861,5
-0.389,-0.098,9.787,5
-0.303,-0.117,9.77,5
-0.491,-0.117,9.742,5
-1.024,0.009,9.779,4
-1.206,0.033,9.879,5
-0.924,-0.042,9.752,5
-0.692,-0.098,9.807,5
-0.468,-0.18,9.831,5
-0.258,-0.275,9.895,5
-0.45,-0.348,9.807,5
-0.554,-0.421,9.729,5
-0.8,-0.451,9.749,5
-1.246,-0.465,9.785,5
-1.621,-0.467,9.623,5
-1.654,-0.38,9.846,5
-1.758,-0.319,9.831,5
-1.917,-0.216,9.842,5
-2.041,-0.114,9.728,5
-2.395,0.021,9.799,5
-2.265,0.034,9.721,5
-1.996,0.015,9.889,5
-1.56,-0.153,9.701,5
-0.983,-0.421,10.014,5
-0.66,-0.653,10.027,5
-0.726,-0.788,9.6,5
-0.561,-1.019,9.942,5
-0.683,-1.197,9.764,5
-0.586,-1.294,10.143,5
-1.263,-1.314,9.408,5
-1.398,-1.298,9.761,5
-1.304,-1.287,9.939,5
-1.474,-1.23,9.863,5
-1.804,-1.268,9.614,5
-2.05,-1.315,9.794,5
-1.912,-1.453,9.961,5
-1.81,-1.617,9.942,5
-1.643,-1.695,9.668,5
-1.057,-1.738,10.065,5
-0.636,-1.886,9.818,5
-0.403,-1.942,9.661,5
-0.127,-1.96,9.639,5
-0.116,-1.93,10.146,5
-0.134,-1.932,9.956,5
-0.171,-1.841,9.381,5
-0.601,-1.653,9.781,5
-0.829,-1.452,9.8,5
-0.832,-1.114,10.124,5
-0.864,-0.969,9.512,5
-0.91,-0.897,9.949,5
-0.784,-0.967,9.582,5
-0.74,-1.09,10.084,5
-0.657,-1.093,9.573,5
-0.631,-1.121,9.603,5
-0.374,-1.301,9.697,5
-0.389,-1.392,9.811,5
-0.557,-1.474,9.62,5
-0.914,-1.488,9.994,4
-0.741,-1.474,9.836,5
-1.048,-1.337,9.781,5
-0.79,-1.379,10.013,5
-0.933,-1.419,9.807,5
-0.86,-1.428,9.684,5
-0.805,-1.331,9.417,5
-0.347,-1.267,9.985,5
0.151,-1.232,9.494,5
0.946,-1.293,9.973,5
1.362,-1.332,9.767,5
1.522,-1.38,9.257,5
1.876,-1.532,10.389,5
1.945,-1.404,10.031,5
1.967,-1.323,9.743,5
2.125,-1.315,9.795,5
2.299,-1.507,9.644,5
2.237,-1.487,10.092,5
1.615,-1.189,9.717,5
1.23,-1.113,9.753,5
0.66,-1.441,9.936,5
-0.707,-2.058,9.487,5
-1.39,-3.42,9.84,5
-1.63,-5.026,9.912,5
-1.166,-6.428,9.789,5
-0.704,-7.752,9.624,5
-0.23,-9.412,9.803,5
1.074,-10.225,9.494,5
4.691,-9.716,9.877,5
11.236,-8.884,9.44,5
18.878,-7.185,10.334,5
19.548,-6.18,10.253,5
19.548,-5.063,9.754,5
19.548,-7.073,9.918,5
19.548,-10.749,9.266,5
19.548,-13.608,11.399,5
19.548,-14.566,10.647,5
19.548,-13.523,6.786,5
19.548,-14.917,12.718,5
19.548,-18.372,10.379,5
19.548,-19.545,9.993,5
19.548,-19.545,11.332,5
19.548,-19.545,9.875,5
19.548,-19.545,9.496,5
19.548,-19.545,3.008,5
19.548,-19.545,10.058,5
19.548,-13.699,19.034,5
19.548,-14.856,0.261,5
19.548,-12.601,12.019,5
19.548,-12.67,14.331,5
19.548,-16.676,12.96,5
19.548,-19.545,13.964,5
19.548,-19.545,10.399,4
19.548,-19.545,18.375,5
11.485,-19.545,6.793,5
-5.062,-15.348,-1.114,5
-2.284,-7.059,-0.71,5
-7.03,-5.874,19.86,5
-4.277,-6.156,19.86,5
-1.452,-5.98,1.336,5
-1.159,-6.208,0.418,5
0.024,-9.825,-19.341,5
-1.139,-6.575,1.264,5
-1.419,-6.477,3.662,5
-6.914,-7.102,19.86,5
-2.256,-5.908,5.253,5
-4.42,-6.891,19.86,5
-2.276,-7.64,16.676,5
-1.43,-9.847,-7.979,5
-2.021,-6.5,4.812,5
-5.888,-7.369,19.86,5
-1.85,-5.858,5.411,5
0.346,-10.92,18.497,5
-1.462,-8.184,5.066,5
-4.023,-8.546,12.326,5
-3.593,-7.565,18.206,5
-1.349,-6.496,5.737,5
-0.216,-9.991,6.617,5
-1.66,-8.904,19.86,5
-2.008,-7.463,9.729,5
-1.441,-7.657,2.134,5
-0.579,-8.265,0.88,5
-0.839,-5.792,0.134,5
-0.884,-5.432,0.693,5
-0.832,-5.434,1.205,5
1.56,-7.909,19.86,5
0.328,-8.043,19.86,5
-4.348,-12.591,-11.829,5
-0.07,-6.449,9.468,5
1.811,-7.381,19.86,5
-0.226,-5.961,5.249,5
-0.022,-7.636,4.559,5
1.757,-10.189,19.86,5
0.448,-6.728,10.971,5
0.017,-6.776,4.151,5
0.465,-7.387,5.432,5
1.114,-7.325,15.801,5
1.356,-7.225,12.715,5
0.901,-7.006,6.371,5
-0.418,-5.498,0.908,5
-0.664,-5.145,0.59,5
-0.676,-5.103,0.854,5
-0.677,-5.087,1.444,5
1.139,-5.619,14.294,4
4.646,-7.486,19.86,5
-0.424,-6.731,-5.089,5
3.076,-5.79,19.86,5
2.047,-5.775,15.46,5
-0.406,-5.396,2.167,5
-0.694,-5.266,0.903,5
-0.746,-4.976,0.869,5
2.968,-5.328,16.488,5
4.188,-5.552,18.378,5
0.865,-5.07,7.593,5
1.099,-4.656,10.177,5
0.604,-4.898,6.452,5
1.484,-4.86,10.338,5
1.452,-4.795,10.435,5
0.193,-4.996,4.414,5
-0.473,-5.118,1.361,5
0.212,-4.815,4.231,5
3.137,-2.877,15.367,5
1.615,-3.602,13.432,5
0.801,-3.999,10.642,5
0.233,-4.232,7.862,5
-0.167,-3.937,4.169,5
1.121,-3.083,9.692,5
2.085,-2.865,14.961,5
1.017,-3.168,12.057,5
0.705,-2.664,10.235,5
0.697,-2.609,11.67,5
0.445,-3.125,12.622,5
-0.14,-3.441,5.777,5
0.29,-1.729,4.416,5
1.168,-1.447,19.253,5
0.37,-2.361,12.008,5
0.083,-2.574,15.184,5
-0.275,-3.214,11.401,5
-0.608,-4.116,5.277,5
-0.764,-4.604,0.756,5
-0.799,-4.656,0.052,5
-0.106,-3.017,-1.135,5
-0.219,0.43,18.169,5
-1.87,-1.061,19.86,5
-0.896,-4.118,1.315,5
-0.896,-3.691,2.74,5
-0.704,0.676,19.021,5
-1.457,-1.7,15.198,5
-1.269,-3.43,6.736,5
-1.32,-2.389,9.521,5
-0.974,-1.34,3.126,5
-2.454,-2.031,16.079,5
-2.475,-2.223,14.745,5
-1.675,-1.838,10.095,5
-1.778,-1.517,5.216,5
-2.927,-1.148,12.501,5
-3.789,-1.638,19.86,4
-1.691,-2.827,7.684,5
-3.637,-1.938,19.86,5
-1.354,-3.868,2.994,5
-0.798,-4.245,0.128,5
-0.762,-4.219,0.127,5
-0.223,-3.429,-3.894,5
-0.088,-3.108,-8.522,5
-5.615,-2.205,19.86,5
-6.062,-2.126,19.86,5
-3.258,-2.794,11.185,5
-0.965,-4.005,0.243,5
-0.595,-4.067,-1.928,5
-0.48,-4.017,-3.604,5
-0.506,-4.149,-2.115,5
-5.966,-3.369,19.86,5
-6.59,-2.919,19.86,5
-1.261,-4.129,-2.116,5
-0.956,-4.386,0.171,5
-1.197,-4.458,2.356,5
-6.434,-3.743,19.86,5
-5.533,-3.884,17.26,5
-1.902,-4.34,2.815,5
-1.5,-4.359,2.883,5
-3.142,-4.727,6.019,5
-2.659,-4.759,6.833,5
-3.076,-4.773,12.965,5
-1.739,-4.783,4.967,5
-2.126,-4.969,6.049,5
-7.417,-5.332,19.86,5
-4.753,-5.151,12.116,5
-1.746,-4.766,1.672,5
-1.534,-4.88,2.011,5
-1.634,-5.331,3.257,5
-4.406,-5.694,19.86,5
-3.76,-5.811,14.192,5
-2.452,-5.863,4.755,5
-1.843,-5.393,2.136,5
-1.886,-5.108,6.759,5
-5.775,-6.733,19.86,5
-2.742,-6.508,5.203,5
-1.615,-5.617,2.464,5
-1.831,-5.436,6.715,5
-2.739,-6.268,14.011,5
-2.357,-6.518,14.08,5
-2.077,-6.342,7.098,5
-1.898,-6.253,5.164,5
-1.38,-5.393,2.457,5
-1.095,-5.014,3.138,5
-1.959,-6.552,19.86,5
-2.384,-7.051,19.86,5
-1.945,-6.625,4.301,5
-1.533,-5.96,6.068,4
-1.359,-6.44,12.076,5
-1.252,-7.19,13.608,5
-1.246,-6.497,7.343,5
-1.108,-6.2,8.128,5
-0.825,-6.757,11.953,5
-0.62,-6.589,10.923,5
-0.7,-6.224,8.94,5
-0.703,-6.332,7.002,5
-0.282,-6.402,10.209,5
-0.09,-6.26,13.508,5
-0.319,-6.23,12.619,5
-0.794,-6.377,6.035,5
0.132,-6.391,11.724,5
0.435,-6.263,11.394,5
-0.288,-6.032,4.34,5
-0.114,-5.328,4.104,5
0.137,-4.866,4.662,5
-0.083,-4.438,2.552,5
-0.414,-3.96,1.002,5
-0.019,-4.045,7.16,5
3.849,-8.177,19.86,5
-2.018,-7.712,-13.97,5
1.533,-5.445,12.666,5
1.804,-4.852,14.665,5
0.212,-4.159,5.109,5
0.012,-6.241,3.604,5
3.647,-6.254,19.86,5
1.446,-4.724,9.997,5
0.678,-4.532,5.268,5
0.646,-4.373,5.423,5
-0.173,-3.902,1.715,5
0.591,-4.428,6.454,5
5.095,-5.577,19.86,5
2.707,-4.866,13.864,5
0.348,-4.003,3.046,5
0.515,-3.898,4.945,5
2.87,-4.355,16.032,5
1.763,-4.092,9.001,5
1.039,-3.777,6.026,5
2.111,-3.822,11.793,5
2.709,-3.784,14.792,5
1.712,-3.532,10.356,5
0.971,-3.457,7.367,5
0.196,-3.442,3.711,5
-0.395,-3.469,0.915,5
-0.533,-3.475,0.49,5
-0.518,-3.466,1.009,5
4.129,-2.543,19.86,5
7.63,-1.483,19.86,5
0.123,-3.082,3.951,4
-0.567,-3.211,0.328,5
-0.697,-2.862,0.834,5
0.269,-2.285,8.425,5
6.113,-1.549,19.86,5
1.555,-2.4,5.528,5
0.346,-2.737,4.203,5
1.557,-1.758,18.139,5
0.584,-2.621,8.061,5
0.106,-2.888,3.796,5
2.298,-0.891,5.602,5
1.49,-1.632,10.477,5
1.05,-1.079,17.66,5
-0.078,-1.762,2.217,5
2.778,-0.939,15.482,5
1.353,-1.022,11.923,5
0.379,-0.966,9.172,5
1.068,-0.918,11.79,5
1.039,-0.808,11.546,5
0.559,-0.943,9.977,5
0.436,-1.268,10.643,5
0.655,-1.225,13.307,5
0.543,-1.56,10.861,5
0.377,-1.951,8.152,5
0.256,-1.802,4.965,5
-0.187,0.581,0.954,5
-0.613,-0.795,11.443,5
-0.278,-0.97,13.011,5
0.287,-0.276,10.679,5
-0.057,-0.358,6.961,5
-0.714,-0.334,9.767,5
-0.886,0.079,14.577,5
-0.412,-0.359,10.026,5
-0.32,-0.406,9.848,5
-0.571,-0.517,8.464,5
-1.32,0.1,15.975,5
-0.968,-0.802,9.076,5
-0.805,-0.985,7.442,5
-0.997,-0.78,9.878,5
-1.415,-0.312,9.755,5
-1.121,-0.498,5.229,5
-1.159,-0.76,8.691,5
-1.619,-0.252,13.366,5
-1.603,-0.273,9.951,5
-1.633,-0.638,9.7,5
-1.73,-0.666,10.693,5
-1.751,-0.138,9.006,5
-2.035,-0.543,10.71,5
-2.347,-1.002,12.779,5
-1.309,-1.277,4.962,5
-2.419,-0.319,13.781,4
-2.773,-0.558,14.635,5
-1.842,-1.343,8.175,5
-1.916,-1.504,9.374,5
-1.6,-1.895,7.563,5
-0.852,-2.41,2.381,5
-0.086,-1.443,-5.118,5
-1.316,-1.162,3.654,5
-6.939,-0.213,19.86,5
-2.209,-1.708,8.359,5
-1.678,-1.211,2.275,5
-2.231,-1.671,9.478,5
-4.016,-1.053,18.998,5
-1.892,-1.559,5.336,5
-3.953,-1.329,15.722,5
-3.075,-1.708,10.826,5
-2.237,-1.981,6.742,5
-2.388,-1.972,7.252,5
-3.062,-1.796,10.662,5
-2.683,-2.026,9.038,5
-2.61,-2.151,8.447,5
-3.15,-2.157,9.999,5
-2.693,-2.293,8.899,5
-2.299,-2.437,7.459,5
-3.047,-2.418,11.543,5
-3.125,-2.528,10.39,5
-3.112,-2.633,9.032,5
-2.8,-2.671,8.655,5
-3.098,-2.839,11.616,5
-3.144,-2.88,11.049,5
-3.372,-3.0,10.675,5
-2.629,-3.187,8.408,5
-2.674,-3.184,8.977,5
-4.496,-3.117,18.049,5
-3.402,-3.283,10.472,5
-3.158,-3.412,10.708,5
-3.01,-3.364,10.027,5
-2.791,-3.483,6.714,5
-2.372,-3.393,6.134,5
-1.612,-3.199,3.587,5
-1.17,-3.223,2.281,5
-3.729,-3.921,19.712,5
-3.076,-3.948,13.293,5
-2.644,-3.927,6.749,5
-2.564,-3.831,6.814,5
-3.776,-3.928,17.72,5
-2.471,-4.24,8.87,5
-2.126,-3.988,7.198,5
-3.033,-4.219,12.694,5
-2.665,-4.472,10.13,5
-1.965,-4.141,8.114,5
-1.937,-4.226,9.994,4
-2.107,-4.545,9.775,5
-2.008,-3.968,8.878,5
-1.796,-4.109,8.517,5
-1.603,-4.485,8.364,5
-1.825,-4.24,11.087,5
-1.95,-4.382,12.928,5
-1.58,-4.714,8.17,5
-1.561,-4.401,8.226,5
-1.675,-4.457,10.862,5
-1.525,-4.655,10.377,5
-1.345,-4.58,8.466,5
-1.164,-4.362,8.819,5
-1.162,-4.647,12.321,5
-1.282,-4.707,10.197,5
-1.471,-4.59,10.712,5
-1.174,-4.604,10.493,5
-0.899,-4.651,8.825,5
-0.855,-4.613,10.107,5
-0.717,-4.478,9.001,5
-0.672,-4.611,10.186,5
-0.57,-4.524,10.14,5
-0.533,-4.516,10.499,5
-0.491,-4.585,9.708,5
-0.354,-4.452,10.404,5
-0.357,-4.271,10.207,5
-0.399,-4.3,9.486,5
-0.161,-4.431,10.978,5
0.149,-4.387,9.623,5
0.095,-4.265,8.421,5
-0.042,-4.156,8.266,5
0.059,-4.031,7.96,5
0.278,-3.964,8.044,5
0.473,-3.869,8.671,5
0.486,-3.954,10.325,5
0.591,-4.131,12.624,5
0.445,-3.835,10.018,5
0.604,-3.955,9.541,5
0.826,-4.137,10.98,5
0.886,-4.191,11.265,5
0.72,-3.982,9.351,5
0.885,-3.974,9.032,5
0.844,-3.752,9.635,5
1.216,-3.852,11.954,5
1.298,-3.83,10.391,5
0.865,-3.482,7.96,5
0.8,-3.442,7.935,5
1.069,-3.566,9.615,5
1.41,-3.496,10.742,5
1.373,-3.269,9.767,5
1.232,-3.101,8.876,5
1.652,-3.314,11.844,5
1.752,-3.43,11.41,4
1.345,-3.177,8.609,5
1.385,-3.017,8.741,5
1.609,-3.041,9.413,5
1.776,-3.041,10.459,5
1.503,-2.81,9.025,5
1.521,-2.745,9.147,5
1.596,-2.721,9.541,5
1.727,-2.726,10.266,5
1.611,-2.607,9.579,5
1.704,-2.573,9.657,5
1.971,-2.521,10.062,5
1.915,-2.424,10.336,5
1.417,-2.29,7.778,5
1.751,-2.309,9.338,5
2.487,-2.353,12.637,5
2.1,-2.245,10.46,5
2.007,-2.147,9.12,5
1.941,-2.047,8.957,5
2.481,-2.063,10.92,5
2.31,-1.983,10.684,5
1.94,-1.836,9.365,5
2.056,-1.816,10.345,5
2.017,-1.733,10.224,5
1.945,-1.65,9.57,5
1.707,-1.559,8.758,5
2.181,-1.539,10.984,5
2.144,-1.473,10.887,5
1.562,-1.405,8.631,5
1.508,-1.323,8.758,5
1.766,-1.263,9.818,5
1.651,-1.132,9.459,5
1.594,-1.051,8.95,5
1.073,-1.131,6.747,5
1.74,-1.042,9.084,5
2.219,-0.906,11.131,5
1.841,-0.928,8.249,5
1.428,-0.951,7.196,5
1.814,-0.489,11.006,5
1.863,-0.432,12.086,5
1.4,-0.587,8.676,5
1.608,-0.422,9.775,5
1.667,-0.413,9.787,5
1.794,-0.319,10.461,5
1.36,-0.298,9.365,5
1.247,-0.289,9.023,5
1.284,-0.21,9.354,5
1.594,0.061,11.337,5
1.413,0.001,9.521,5
1.293,0.041,9.413,5
1.18,0.141,10.705,5
1.105,0.36,10.393,5
0.896,0.278,9.781,4
0.928,0.337,10.01,5
0.922,0.376,9.479,5
1.003,0.466,10.982,5
0.954,0.437,9.96,5
0.834,0.342,8.562,5
0.954,0.414,10.055,5
0.761,19.654,11.636,5
19.548,19.654,19.86,5
6.667,14.781,9.439,5
-0.918,-1.302,4.009,5
-0.944,-1.549,6.526,5
-1.004,-2.515,15.886,5
-0.705,-2.392,12.379,5
-0.603,-1.769,5.288,5
-1.003,-2.049,8.793,5
-0.98,-2.172,13.814,5
-1.154,-2.12,7.877,5
-0.834,-2.014,8.705,5
-1.174,-2.154,11.749,5
-1.026,-2.088,9.227,5
-0.934,-2.051,9.588,5
-0.858,-2.155,10.102,5
-0.934,-2.092,9.515,5
-0.946,-1.987,9.818,5
-0.987,-1.954,9.885,5
-1.016,-2.006,10.307,5
-0.972,-1.982,9.55,5
-1.063,-1.897,9.466,5
-1.018,-1.892,9.871,5
-1.0,-1.983,10.289,5
-1.063,-1.917,9.356,5
-1.094,-1.879,9.921,5
-1.141,-1.881,10.195,5
-1.121,-1.864,9.555,5
-1.019,-1.799,9.985,5
-1.209,-1.764,9.629,5
-1.325,-1.736,9.829,5
-1.112,-1.762,9.658,5
-1.081,-1.774,9.763,5
-1.068,-1.704,9.699,5
-1.095,-1.691,9.938,5
-1.157,-1.769,9.851,5
-1.144,-1.661,9.637,5
-1.176,-1.65,10.013,5
-1.178,-1.701,9.638,5
-1.145,-1.639,9.876,5
-1.077,-1.583,9.567,5
-1.074,-1.655,10.255,5
-1.084,-1.571,9.552,5
-1.087,-1.52,9.392,4
-1.187,-1.572,10.148,5
-1.479,-1.665,9.676,5
-1.268,-1.529,9.298,5
-1.138,-1.524,10.039,5
-1.042,-1.506,9.702,5
-1.02,-1.479,9.854,5
-0.911,-1.446,9.803,5
-0.935,-1.444,9.772,5
-0.914,-1.451,9.892,5
-0.899,-1.464,9.742,5
-0.805,-1.468,9.841,5
-0.749,-1.474,9.828,5
-0.74,-1.435,9.824,5
-0.659,-1.392,9.753,5
-0.568,-1.371,9.851,5
-0.364,-1.312,9.794,5
-0.139,-1.283,9.788,5
0.086,-1.14,9.843,5
0.382,-0.94,9.803,5
0.593,-0.068,9.838,5
0.023,0.19,9.724,5
0.005,0.117,9.825,5
0.193,-0.053,9.824,5
0.006,0.034,9.773,5
0.215,-0.023,9.937,5
0.012,0.047,9.748,5
0.177,0.008,9.801,5
0.014,-0.019,9.842,5
0.158,0.022,9.828,5
0.057,-0.004,9.829,5
0.125,0.013,9.836,5
0.069,0.035,9.79,5
0.092,-0.001,9.802,5
0.106,0.028,9.802,5
0.093,0.0,9.805,5
0.131,0.011,9.794,5
0.1,0.013,9.82,5
0.115,-0.014,9.779,5
0.118,-0.01,9.812,5
0.088,0.0,9.815,5
0.096,0.014,9.812,5
0.082,0.023,9.776,5
0.096,0.004,9.754,5
0.094,0.0,9.819,5
0.109,0.023,9.768,5
0.106,0.012,9.805,5
0.095,-0.002,9.789,5
0.118,0.026,9.802,5
0.094,-0.011,9.778,5
0.108,0.0,9.821,5
0.105,0.008,9.806,4
0.096,-0.008,9.767,5
0.107,0.001,9.884,5
0.086,-0.001,9.784,5
0.095,-0.005,9.807,5
0.084,0.0,9.745,5
0.079,-0.003,9.778,5
0.07,0.028,9.773,5
0.103,0.021,9.784,5
0.097,0.02,9.831,5
0.101,0.002,9.817,5
0.094,-0.02,9.782,5
0.07,-0.03,9.803,5
0.134,-0.01,9.778,5
0.084,0.016,9.842,5
0.128,0.031,9.778,5
0.103,0.008,9.795,5
0.093,0.0,9.792,5
0.091,0.018,9.815,5
0.103,0.009,9.782,5
0.128,0.029,9.855,5
0.101,0.001,9.821,5
0.13,-0.009,9.81,5
0.084,0.031,9.768,5
0.087,0.011,9.852,5
0.122,0.007,9.81,5
0.09,-0.016,9.79,5
0.105,0.012,9.779,5
0.1,0.012,9.816,5
0.108,-0.007,9.831,5
0.109,0.005,9.851,5
0.08,-0.006,9.809,5
0.061,0.004,9.819,5
0.102,0.011,9.783,5
0.084,0.008,9.802,5
0.12,-0.008,9.814,5
0.084,-0.001,9.808,5
0.1,0.042,9.834,5
0.082,0.023,9.798,5
0.116,0.0,9.807,5
0.123,0.007,9.76,5
0.108,-0.009,9.819,5
0.094,0.038,9.801,5
0.124,0.008,9.769,5
0.117,0.053,9.772,5
0.102,-0.001,9.83,5
0.143,0.005,9.773,5
0.108,-0.002,9.767,5
0.091,0.007,9.763,5
0.09,0.017,9.796,4
0.122,0.029,9.822,5
0.104,-0.004,9.852,5
0.1,0.0,9.808,5
0.114,-0.019,9.784,5
0.129,0.014,9.808,5
0.09,-0.029,9.787,5
0.1,0.021,9.797,5
0.099,0.022,9.788,5
0.099,0.016,9.764,5
0.113,0.011,9.791,5
0.079,-0.004,9.798,5
0.082,0.0,9.799,5
0.121,-0.01,9.785,5
0.091,-0.003,9.789,5
0.085,0.005,9.83,5
0.106,0.027,9.836,5
0.106,0.023,9.79,5
0.091,0.02,9.787,5
0.107,0.017,9.787,5
0.076,0.014,9.803,5
0.116,0.021,9.842,5
0.116,0.004,9.771,5
0.144,0.019,9.782,5
0.102,0.007,9.791,5
0.119,0.028,9.804,5
0.102,0.023,9.839,5
0.108,0.003,9.808,5
0.109,0.013,9.81,5
0.07,-0.002,9.761,5
0.1,0.006,9.825,5
0.099,-0.011,9.826,5
0.12,-0.014,9.788,5
0.098,0.019,9.799,5
0.115,0.043,9.847,5
0.078,0.029,9.785,5
0.087,0.007,9.784,5
0.097,0.022,9.78,5
0.117,0.027,9.754,5
0.099,0.007,9.796,5
0.088,0.006,9.825,5
0.069,0.027,9.823,5
0.127,0.019,9.746,5
0.099,0.008,9.82,5
0.076,-0.008,9.8,5
0.1,-0.022,9.811,5
0.082,-0.007,9.8,5
0.122,0.042,9.873,5
0.099,0.022,9.802,5
0.083,0.014,9.798,5
0.111,0.001,9.744,4
0.097,0.013,9.786,5
0.106,-0.002,9.791,5
0.1,0.027,9.79,5
0.104,-0.014,9.798,5
0.09,0.036,9.822,5
0.112,0.026,9.803,5
0.109,-0.021,9.802,5
0.102,0.011,9.748,5
0.105,0.019,9.806,5
0.134,-0.019,9.763,5
0.103,0.01,9.833,5
0.09,0.016,9.79,5
0.097,-0.004,9.804,5
0.103,-0.007,9.788,5
0.088,-0.027,9.811,5
0.111,0.016,9.807,5
0.115,0.014,9.828,5
0.082,0.015,9.764,5
0.093,0.0,9.833,5
0.105,-0.002,9.819,5
0.105,-0.001,9.797,5
0.091,0.004,9.845,5
0.075,0.005,9.787,5
0.112,0.004,9.824,5
0.117,-0.023,9.752,5
0.1,0.014,9.846,5
0.094,0.011,9.766,5
0.106,-0.012,9.814,5
0.118,0.01,9.866,5
0.126,0.013,9.796,5
0.093,-0.01,9.812,5
0.104,0.017,9.831,5
0.117,-0.008,9.803,5
0.088,0.01,9.837,5
0.075,-0.022,9.789,5
0.066,0.004,9.806,5
0.098,0.029,9.862,5
0.1,0.02,9.844,5
0.099,0.022,9.788,5
0.127,-0.02,9.824,5
0.12,-0.012,9.809,5
0.087,0.005,9.833,5
0.083,0.002,9.801,5
0.123,0.008,9.777,5
0.099,-0.008,9.794,5
0.111,-0.007,9.794,5
0.066,0.01,9.785,5
0.076,-0.007,9.819,5
0.102,0.011,9.804,5
0.1,0.019,9.83,4
0.113,-0.005,9.766,5
0.111,-0.011,9.829,5
0.088,0.022,9.824,5
0.098,-0.029,9.811,5
0.101,0.004,9.78,5
0.084,-0.037,9.802,5
0.102,0.014,9.782,5
0.106,-0.007,9.824,5
0.102,-0.01,9.815,5
0.101,-0.007,9.802,5
0.105,-0.003,9.803,5
0.113,-0.011,9.782,5
0.099,-0.045,9.795,5
0.094,-0.007,9.811,5
0.076,0.003,9.762,5
0.063,0.007,9.846,5
0.085,0.021,9.805,5
0.096,0.02,9.758,5
0.111,0.025,9.776,5
0.129,0.005,9.81,5
0.103,0.01,9.77,5
0.095,0.036,9.806,5
0.1,-0.013,9.848,5
0.128,0.01,9.763,5
0.062,0.015,9.802,5
0.091,0.001,9.812,5
0.094,0.009,9.873,5
0.092,-0.005,9.863,5
0.093,0.01,9.794,5
0.107,0.009,9.824,5
0.096,0.04,9.828,5
0.112,0.016,9.768,5
0.097,-0.012,9.834,5
0.11,0.009,9.793,5
0.086,-0.017,9.819,5
0.101,0.013,9.802,5
0.106,0.018,9.779,5
0.094,-0.014,9.767,5
0.118,0.035,9.764,5
0.127,0.012,9.826,5
0.078,0.004,9.81,5
0.091,0.001,9.799,5
0.118,0.008,9.81,5
0.12,-0.032,9.779,5
0.111,0.019,9.757,5
0.116,0.0,9.805,5
0.112,0.018,9.755,5
0.112,0.0,9.751,5
0.106,-0.011,9.802,4
0.115,-0.014,9.797,5
0.081,0.008,9.746,5
0.087,-0.009,9.8,5
0.097,0.007,9.805,5
0.127,-0.002,9.839,5
0.084,0.038,9.771,5
0.093,-0.014,9.819,5
0.109,-0.019,9.776,5
0.103,0.004,9.809,5
0.071,-0.011,9.813,5
0.126,0.006,9.796,5
0.142,-0.008,9.787,5
0.134,0.029,9.819,5
0.122,-0.022,9.794,5
0.124,0.007,9.84,5
0.077,-0.022,9.805,5
0.092,0.032,9.791,5
0.094,-0.015,9.806,5
0.117,-0.003,9.829,5
0.095,0.017,9.753,5
0.112,-0.001,9.769,5
0.093,0.02,9.824,5
0.12,0.017,9.796,5
0.073,0.01,9.816,5
0.091,-0.001,9.793,5
0.136,-0.013,9.784,5
0.11,0.035,9.86,5
0.088,0.007,9.773,5
0.076,-0.006,9.76,5
0.107,0.0,9.822,5
0.124,-0.015,9.819,5
0.128,0.02,9.771,5
0.096,-0.004,9.779,5
0.096,0.004,9.808,5
0.127,0.05,9.775,5
0.079,-0.007,9.854,5
0.074,0.034,9.789,5
0.164,-0.004,9.798,5
0.102,0.01,9.788,5
0.069,0.046,9.817,5
0.078,-0.007,9.782,5
0.105,-0.005,9.809,5
0.121,0.0,9.814,5
0.119,0.023,9.769,5
0.112,0.028,9.772,5
0.058,-0.004,9.799,5
0.058,-0.032,9.772,5
0.104,-0.008,9.806,5
0.13,0.007,9.778,4
0.105,0.029,9.778,5
0.094,-0.013,9.787,5
0.103,-0.023,9.754,5
0.106,-0.007,9.813,5
0.117,-0.007,9.781,5
0.104,0.019,9.764,5
0.13,0.007,9.819,5
0.104,0.0,9.796,5
0.097,-0.004,9.843,5
0.096,0.022,9.812,5
0.124,0.008,9.816,5
0.107,-0.003,9.834,5
0.099,0.016,9.824,5
0.104,0.011,9.817,5
0.082,0.0,9.808,5
0.111,-0.007,9.81,5
0.1,0.037,9.776,5
0.082,0.014,9.831,5
0.096,0.025,9.815,5
0.093,0.021,9.772,5
0.103,-0.011,9.781,5
0.079,0.003,9.819,5
0.096,0.001,9.755,5
0.081,-0.002,9.805,5
0.09,-0.016,9.79,5
0.102,-0.02,9.775,5
0.105,-0.018,9.849,5
0.125,-0.013,9.813,5
0.104,-0.022,9.779,5
0.113,0.002,9.804,5
0.107,-0.001,9.794,5
0.117,0.005,9.746,5
0.117,0.013,9.831,5
0.111,-0.007,9.842,5
0.12,0.016,9.8,5
0.099,0.001,9.836,5
0.091,-0.009,9.817,5
0.089,-0.008,9.822,5
0.086,0.016,9.776,5
0.097,0.022,9.781,5
0.103,0.013,9.805,5
0.11,0.006,9.788,5
0.105,0.016,9.81,5
0.1,0.002,9.794,5
0.095,0.02,9.802,5
0.098,0.012,9.828,5
0.12,0.011,9.809,5
0.099,-0.02,9.805,5
0.087,0.008,9.834,4
0.069,-0.031,9.848,5
0.081,0.004,9.822,5
0.073,-0.016,9.813,5
0.116,0.014,9.707,5
0.146,0.0,9.9,5
0.072,-0.025,9.682,5
0.043,0.056,9.902,5
0.207,-0.055,9.64,5
0.039,-0.02,9.973,5
0.029,-0.04,9.802,5
0.218,0.047,9.96,5
0.13,0.047,9.68,5
0.081,-0.015,9.894,5
0.067,-0.043,9.767,5
0.116,0.011,9.797,5
0.058,0.027,9.787,5
0.102,-0.013,9.806,5
0.096,0.008,9.757,5
0.084,0.005,9.785,5
0.087,0.042,9.831,5
0.169,0.026,9.792,5
0.042,0.023,9.785,5
0.106,0.029,9.857,5
0.1,-0.026,9.737,5
0.055,0.046,9.844,5
0.082,-0.024,9.755,5
0.18,0.027,9.895,5
0.068,0.014,9.76,5
0.13,0.008,9.889,5
0.066,-0.013,9.734,5
0.118,0.024,9.835,5
0.085,0.022,9.772,5
0.114,0.019,9.827,5
0.105,-0.006,9.854,5
0.106,-0.011,9.759,5
0.081,0.016,9.806,5
0.1,0.005,9.773,5
0.109,0.004,9.84,5
0.099,0.019,9.799,5
0.1,-0.011,9.802,5
0.137,0.002,9.775,5
0.089,0.006,9.791,5
0.106,-0.01,9.774,5
0.112,-0.019,9.817,5
0.078,0.014,9.795,5
0.101,0.0,9.828,4
0.112,-0.02,9.781,5
0.111,0.017,9.797,5
0.113,-0.008,9.751,5
0.097,-0.008,9.809,5
0.117,-0.002,9.77,5
0.127,0.001,9.766,5
0.112,-0.027,9.779,5
0.093,0.028,9.82,5
0.113,0.011,9.781,5
0.103,-0.007,9.81,5
0.088,0.001,9.781,5
0.067,0.025,9.778,5
0.091,-0.023,9.825,5
0.116,0.028,9.807,5
0.101,-0.002,9.788,5
0.093,-0.011,9.786,5
0.105,0.016,9.805,5
0.097,0.016,9.81,5
0.12,-0.006,9.776,5
0.109,0.011,9.782,5
0.082,0.013,9.835,5
0.117,0.028,9.776,5
0.069,0.011,9.846,5
0.106,0.008,9.789,5
0.122,-0.002,9.792,5
0.081,0.011,9.774,5
0.1,-0.006,9.764,5
-0.029,-0.071,9.81,5
0.185,0.088,9.702,5
-0.007,-0.08,9.975,5
0.069,0.035,9.505,5
0.222,-0.089,9.797,5
0.202,0.083,9.96,5
-0.072,0.096,9.755,5
0.14,-0.138,10.077,5
0.243,0.119,9.645,5
0.032,0.004,9.856,5
0.181,-0.102,9.79,5
0.027,0.049,9.708,5
0.058,-0.007,9.885,5
0.029,-0.096,9.694,5
0.131,0.046,9.642,5
0.155,0.157,9.917,5
0.245,0.035,9.711,5
0.043,-0.13,9.902,5
0.044,-0.015,9.713,5
0.19,0.026,9.898,4
-0.014,0.033,9.865,5
0.125,0.028,9.71,5
0.084,0.011,9.797,5
0.11,0.002,9.788,5
0.133,-0.029,9.775,5
0.066,0.03,9.806,5
0.079,-0.028,9.789,5
0.109,0.017,9.852,5
0.094,0.019,9.79,5
0.111,-0.014,9.759,5
0.115,-0.007,9.84,5
0.125,-0.027,9.769,5
0.132,-0.001,9.842,5
0.099,0.015,9.81,5
0.064,-0.005,9.86,5
0.061,0.021,9.848,5
0.082,0.016,9.812,5
0.118,0.009,9.776,5
0.111,0.002,9.796,5
0.112,0.0,9.812,5
0.073,-0.01,9.793,5
0.086,0.004,9.76,5
0.117,-0.003,9.809,5
0.105,0.028,9.758,5
0.104,0.017,9.811,5
0.087,0.007,9.785,5
0.085,0.017,9.803,5
0.069,0.002,9.814,5
0.11,0.022,9.812,5
0.109,-0.011,9.769,5
0.09,-0.008,9.789,5
0.075,0.02,9.738,5
0.099,-0.016,9.779,5
0.106,-0.004,9.795,5
0.111,-0.037,9.84,5
0.076,0.007,9.843,5
0.11,0.011,9.806,5
0.115,-0.009,9.784,5
0.123,-0.014,9.805,5
0.09,-0.007,9.805,5
0.107,0.02,9.797,5
0.117,0.016,9.802,5
0.095,0.029,9.805,5
0.136,0.016,9.827,5
0.088,-0.004,9.782,5
0.106,-0.011,9.82,5
0.126,-0.016,9.852,4
0.114,0.026,9.836,5
0.082,0.001,9.786,5
0.119,-0.005,9.758,5
0.091,0.008,9.775,5
0.095,0.005,9.8,5
0.117,-0.008,9.758,5
0.059,-0.01,9.816,5
0.088,-0.01,9.442,5
0.354,0.19,9.436,5
-0.653,-0.372,9.442,5
0.364,0.077,10.155,5
-0.026,0.0,9.816,5
0.403,0.321,10.075,5
0.387,-0.032,9.819,5
0.083,-0.034,9.643,5
-0.454,-0.281,9.863,5
0.395,0.047,9.855,5
0.052,0.089,9.793,5
0.171,0.328,9.718,5
0.147,0.087,9.949,5
0.065,-0.069,9.738,5
0.167,-0.105,9.649,5
0.137,-0.037,9.962,5
0.195,-0.019,9.933,5
0.136,0.019,9.799,5
0.06,0.041,9.789,5
0.029,-0.005,9.762,5
0.018,-0.02,9.752,5
0.121,-0.038,9.796,5
0.148,-0.019,9.716,5
0.15,0.014,9.822,5
0.077,-0.022,9.889,5
0.064,-0.039,9.786,5
0.067,0.013,9.917,5
0.091,-0.001,9.752,5
0.122,0.023,9.748,5
0.112,0.005,9.859,5
0.125,-0.025,9.824,5
0.081,0.006,9.791,5
0.09,0.001,9.811,5
0.125,0.032,9.813,5
0.123,-0.003,9.783,5
0.099,0.025,9.793,5
0.083,0.012,9.851,5
0.114,-0.005,9.77,5
0.121,-0.007,9.791,4
0.113,0.005,9.765,5
0.123,0.012,9.792,5
0.108,-0.006,9.819,5
0.115,-0.011,9.833,5
0.088,-0.022,9.761,5
0.087,0.016,9.823,5
0.075,-0.012,9.81,5
0.114,0.014,9.824,5
0.136,0.037,9.77,5
0.079,0.01,9.772,5
0.098,-0.011,9.755,5
0.115,0.026,9.847,5
0.105,0.014,9.812,5
0.102,-0.012,9.811,5
0.088,0.032,9.821,5
0.138,-0.001,9.831,5
0.093,0.005,9.806,5
0.094,0.017,9.827,5
0.106,0.008,9.778,5
0.088,-0.025,9.825,5
0.088,0.01,9.778,5
0.101,0.022,9.812,5
0.094,0.022,9.785,5
0.102,-0.019,9.78,5
0.118,0.025,9.825,5
0.084,-0.017,9.829,5
0.123,-0.011,9.833,5
0.084,-0.013,9.797,5
0.12,0.023,9.786,5
0.075,-0.017,9.797,5
0.105,-0.01,9.846,5
0.109,0.008,9.817,5
0.292,0.067,9.991,5
0.204,-0.297,9.462,5
-0.091,0.274,9.831,5
0.009,-0.192,10.199,5
-0.16,0.156,9.305,5
0.124,0.137,10.464,5
0.222,-0.119,9.567,5
0.132,0.011,9.673,5
0.243,-0.001,10.084,5
0.131,-0.094,9.734,5
0.007,0.013,9.591,5
0.058,0.052,9.967,5
0.133,0.044,9.712,4
0.079,0.038,9.788,5
0.07,0.039,9.825,5
0.114,-0.039,9.754,5
0.085,0.032,9.842,5
0.072,-0.011,9.877,5
0.093,-0.012,9.773,5
0.079,0.001,9.774,5
0.074,0.0,9.872,5
0.091,-0.005,9.688,5
0.111,-0.018,9.798,5
0.114,-0.013,9.8,5
0.139,-0.005,9.827,5
0.084,0.02,9.802,5
0.106,0.031,9.849,5
0.082,0.013,9.784,5
0.128,-0.007,9.788,5
0.121,-0.001,9.846,5
0.09,-0.028,9.786,5
0.084,0.016,9.798,5
0.117,0.021,9.77,5
0.107,-0.007,9.812,5
0.114,0.013,9.842,5
0.112,0.03,9.812,5
0.084,-0.01,9.788,5
0.07,-0.008,9.802,5
0.094,-0.013,9.815,5
0.092,0.044,9.802,5
0.103,0.032,9.803,5
0.099,-0.007,9.81,5
0.087,0.001,9.829,5
0.099,0.004,9.811,5
0.078,-0.008,9.853,5
0.105,0.001,9.809,5
0.117,-0.016,9.791,5
0.096,-0.01,9.833,5
0.102,-0.002,9.752,5
0.109,0.001,9.781,5
0.097,-0.005,9.809,5
0.097,-0.002,9.737,5
0.06,0.002,9.794,5
0.069,0.04,9.749,5
0.081,0.01,9.793,5
0.106,0.005,9.821,5
0.106,-0.01,9.788,5
0.085,-0.017,9.806,5
0.075,-0.005,9.791,4
0.142,0.032,9.79,5
0.112,0.02,9.818,5
0.108,0.021,9.788,5
0.114,0.01,9.8,5
0.103,0.026,9.799,5
0.103,0.004,9.805,5
0.079,0.017,9.764,5
0.103,0.015,9.809,5
0.093,-0.001,9.835,5
0.098,0.014,9.8,5
0.123,0.008,9.766,5
0.104,0.022,9.86,5
0.128,0.005,9.848,5
0.115,0.016,9.789,5
0.104,0.019,9.848,5
0.093,0.004,9.801,5
0.103,-0.016,9.776,5
0.084,0.011,9.796,5
0.075,-0.004,9.809,5
0.096,0.011,9.719,5
0.124,0.006,9.752,5
0.112,0.011,9.816,5
0.109,0.005,9.779,5
0.106,-0.002,9.793,5
0.101,0.025,9.787,5
0.0,0.011,9.851,5
0.024,0.0,9.861,5
0.27,0.025,9.675,5
0.147,0.002,9.836,5
0.073,0.002,9.794,5
0.026,0.012,9.823,5
0.112,-0.001,9.801,5
0.117,0.039,9.756,5
0.132,-0.005,9.821,5
0.076,-0.004,9.781,5
0.096,0.006,9.818,5
0.101,-0.002,9.794,5
0.088,-0.006,9.794,5
0.083,0.022,9.796,5
0.131,-0.025,9.828,5
0.125,0.022,9.802,5
0.078,0.041,9.813,5
0.135,-0.002,9.858,5
0.093,-0.035,9.828,5
0.023,0.042,9.718,5
0.098,0.023,9.836,4
0.152,-0.014,9.813,5
0.093,-0.013,9.696,5
-0.015,-0.008,9.821,5
0.061,-0.121,9.793,5
0.115,-0.064,9.814,5
0.125,-0.031,9.788,5
0.158,-0.017,9.82,5
0.139,0.005,9.779,5
0.168,0.097,9.815,5
0.196,0.155,9.876,5
0.093,0.113,9.813,5
0.019,0.078,9.776,5
0.151,0.01,9.728,5
0.043,-0.031,9.941,5
0.077,-0.014,9.817,5
-0.097,-0.046,9.875,5
-0.141,-0.115,9.816,5
-0.067,-0.004,9.713,5
0.077,0.016,9.818,5
0.19,0.068,9.815,5
0.203,0.074,9.772,5
0.269,0.147,9.686,5
0.196,0.181,9.825,5
0.243,0.15,9.816,5
0.084,0.089,9.8,5
-0.065,-0.175,9.853,5
0.066,-0.475,9.901,5
0.24,0.135,9.72,5
0.046,-0.066,9.894,5
0.161,0.118,9.758,5
0.069,0.336,9.827,5
0.289,0.647,9.794,5
0.458,0.892,9.841,5
0.462,1.145,9.842,5
-0.231,1.428,10.073,5
-2.206,1.177,9.931,5
-3.031,0.824,10.871,5
-4.284,1.051,11.127,5
-4.598,0.487,9.889,5
-2.946,-0.645,8.945,5
-0.096,-1.292,9.112,5
2.055,-1.392,10.022,5
2.544,-1.247,10.597,5
2.1,-1.349,11.049,5
1.234,-1.708,11.366,4
0.91,-2.228,11.409,5
0.668,-2.261,11.467,5
0.579,-1.879,11.458,5
0.367,-1.265,11.469,5
-0.024,-0.703,11.457,5
-0.603,-0.147,11.274,5
-1.214,0.531,11.222,5
-1.416,1.359,11.519,5
-1.142,2.138,12.253,5
-0.517,2.508,13.119,5
0.215,2.495,14.152,5
0.972,2.257,15.32,5
1.599,2.078,16.427,5
2.026,2.184,17.319,5
2.434,2.514,18.045,5
2.642,2.725,18.524,5
2.756,2.807,18.718,5
2.714,2.93,18.665,5
2.593,3.142,18.357,5
2.421,3.351,18.03,5
2.186,3.411,17.65,5
1.874,3.383,17.351,5
1.667,3.117,17.118,5
1.381,2.832,16.887,5
1.149,2.5,16.635,5
0.965,2.056,16.392,5
0.822,1.535,16.152,5
0.715,1.037,15.985,5
0.656,0.663,15.656,5
0.604,0.535,15.174,5
0.553,0.51,14.683,5
0.583,0.496,14.099,5
0.59,0.427,13.474,5
0.659,0.335,12.854,5
0.816,0.275,12.356,5
1.098,0.254,11.979,5
1.366,0.243,11.634,5
1.505,0.196,11.466,5
1.552,0.072,11.245,5
1.591,-0.09,11.199,5
1.72,-0.128,11.427,5
1.807,-0.086,11.773,5
1.72,0.091,12.212,5
1.394,0.187,12.618,5
1.044,0.168,12.761,4
0.869,0.055,12.621,5
0.816,-0.034,12.217,5
0.773,-0.104,11.512,5
0.631,-0.065,10.641,5
0.537,0.005,9.733,5
0.615,0.08,9.035,5
0.97,0.083,8.619,5
1.319,0.156,8.519,5
1.32,0.355,8.587,5
0.883,0.605,8.861,5
0.148,0.785,9.221,5
-0.651,0.884,9.688,5
-1.287,0.846,10.228,5
-1.608,0.717,10.642,5
-1.709,0.609,10.96,5
-1.591,0.548,11.07,5
-1.349,0.44,10.854,5
-0.909,0.26,10.507,5
0.409,-0.047,10.008,5
-0.424,-0.88,8.577,5
0.373,-1.728,8.489,5
1.236,-1.224,8.088,5
-0.625,0.174,8.044,5
-1.884,0.582,8.214,5
-1.861,0.579,8.011,5
-0.898,0.809,8.166,5
0.215,1.033,9.099,5
0.506,0.836,9.722,5
-0.114,0.429,9.879,5
-0.955,0.116,9.728,5
-1.092,-0.32,9.362,5
-0.543,-0.481,8.974,5
-0.005,-0.399,8.577,5
0.342,-0.248,7.981,5
0.576,-0.239,7.434,5
0.736,-0.221,7.112,5
0.784,-0.156,6.97,5
0.706,-0.172,6.837,5
0.784,-0.199,6.782,5
0.868,-0.265,6.906,5
1.047,-0.214,7.192,5
1.12,-0.086,7.467,5
1.195,0.013,7.733,5
1.308,0.049,7.993,5
1.529,0.017,8.357,4
1.761,0.13,8.622,5
1.869,0.26,8.94,5
1.625,0.39,9.186,5
1.181,0.479,9.351,5
0.726,0.489,9.344,5
0.472,0.405,9.293,5
0.524,0.235,9.244,5
0.695,0.166,9.216,5
0.801,0.161,9.198,5
0.714,0.172,9.326,5
0.627,0.19,9.499,5
0.536,0.122,9.647,5
0.377,-0.046,9.869,5
0.202,-0.21,9.936,5
-0.871,-0.548,11.234,5
-2.825,-0.685,13.519,5
-3.249,0.207,12.226,5
-1.342,0.992,9.434,5
0.315,0.963,8.151,5
0.817,0.56,7.543,5
0.54,0.064,7.412,5
0.141,-0.433,7.769,5
-0.312,-0.825,8.369,5
-0.611,-0.878,8.341,5
-0.63,-0.461,7.58,5
-0.347,-0.166,6.918,5
0.143,-0.198,6.717,5
0.579,-0.223,7.129,5
0.542,-0.11,7.459,5
0.54,-0.217,7.614,5
0.66,-0.389,7.956,5
0.762,-0.503,8.548,5
0.543,-0.278,8.616,5
0.172,0.03,8.393,5
-0.24,0.057,8.369,5
-0.662,-0.171,8.463,5
-1.011,-0.527,8.652,5
-1.3,-0.811,8.849,5
-1.696,-0.893,8.755,5
-2.195,-0.945,8.494,5
-2.461,-0.802,8.163,5
-2.195,-0.686,7.978,5
-1.619,-0.472,7.844,5
-0.926,-0.359,7.695,5
-0.51,-0.307,7.371,5
-0.419,-0.233,7.112,4
-0.369,-0.216,7.08,5
-0.055,-0.149,7.253,5
0.337,0.051,7.54,5
0.512,0.271,7.719,5
0.735,0.395,7.72,5
0.893,0.436,7.681,5
1.057,0.494,7.497,5
1.041,0.487,7.319,5
0.739,0.42,7.187,5
0.366,0.282,7.284,5
0.224,0.182,7.414,5
0.312,0.075,7.734,5
0.467,-0.061,7.914,5
0.666,-0.134,8.101,5
0.658,-0.147,8.284,5
0.451,-0.116,8.269,5
0.176,-0.02,8.271,5
0.014,0.193,8.172,5
-0.078,0.413,8.156,5
-0.163,0.63,8.217,5
-0.219,0.709,8.383,5
-0.333,0.598,8.576,5
-0.58,0.314,8.598,5
-0.828,-0.026,8.345,5
-1.002,-0.156,8.07,5
-0.756,-0.234,7.886,5
-0.02,-0.099,7.825,5
0.834,0.144,7.75,5
1.43,0.472,7.915,5
1.825,0.752,8.126,5
1.877,0.926,8.372,5
1.639,0.988,8.612,5
0.965,0.887,8.691,5
-0.036,0.6,8.648,5
-1.117,0.144,8.589,5
-1.903,-0.195,8.56,5
-2.21,-0.285,8.655,5
-2.042,-0.144,8.773,5
-1.537,0.022,8.792,5
-0.901,0.161,8.763,5
-0.3,0.293,8.862,5
0.056,0.448,8.927,5
0.117,0.523,9.022,5
-0.181,0.415,8.871,5
-0.691,0.214,8.556,5
-1.212,0.035,8.371,5
-1.581,0.028,8.445,4
-1.596,0.087,8.56,5
-1.469,0.205,8.582,5
-1.267,0.381,8.65,5
-1.148,0.459,8.585,5
-1.083,0.48,8.562,5
-1.122,0.447,8.591,5
-1.251,0.35,8.497,5
-1.405,0.313,8.302,5
-1.515,0.231,8.258,5
-1.453,0.268,8.346,5
-1.41,0.23,8.62,5
-1.396,0.153,8.899,5
-1.445,0.165,9.166,5
-1.509,0.272,9.344,5
-1.478,0.355,9.454,5
-1.554,0.433,9.519,5
-1.718,0.434,9.516,5
-1.979,0.408,9.356,5
-2.124,0.271,9.034,5
-2.108,0.14,8.737,5
-2.019,0.076,8.409,5
-1.798,0.041,8.26,5
-1.605,0.041,8.249,5
-1.377,0.035,8.448,5
-1.078,0.08,8.694,5
-0.999,0.161,8.956,5
-1.061,0.26,9.065,5
-1.136,0.27,9.214,5
-1.159,0.263,9.282,5
-1.2,0.204,9.347,5
-1.219,0.183,9.289,5
-1.2,0.171,9.099,5
-1.25,0.101,8.865,5
-1.297,0.038,8.567,5
-1.278,0.04,8.355,5
-1.05,0.085,6.773,5
-1.704,0.005,5.095,5
-2.322,-0.066,6.016,5
-2.356,-0.084,7.991,5
-2.202,-0.08,9.215,5
-1.919,-0.043,9.714,5
-1.676,0.105,9.811,5
-1.7,0.268,10.021,5
-1.904,0.443,10.274,5
-2.14,0.479,10.307,4
-2.277,0.418,10.195,5
-2.267,0.374,10.149,5
-2.214,0.338,10.125,5
-2.204,0.263,9.978,5
-2.187,0.25,9.706,5
-2.293,0.277,9.309,5
-2.335,0.385,8.92,5
-2.0,0.35,8.62,5
-1.507,0.353,8.65,5
-1.251,0.402,8.867,5
-1.243,0.476,9.254,5
-1.341,0.529,9.59,5
-1.495,0.489,9.771,5
-1.54,0.432,9.824,5
-1.572,0.431,9.76,5
-1.73,0.448,9.59,5
-1.925,0.554,9.601,5
-2.11,0.583,9.66,5
-2.189,0.556,9.773,5
-2.162,0.486,9.811,5
-2.07,0.386,9.921,5
-1.968,0.211,10.058,5
-1.819,0.132,10.198,5
-1.66,0.084,10.378,5
-1.517,0.117,10.616,5
-1.41,0.174,10.625,5
-1.332,0.189,10.671,5
-1.32,0.184,10.529,5
-1.382,0.199,10.322,5
-1.384,0.157,10.03,5
-1.333,0.055,9.697,5
-1.306,-0.013,9.457,5
-1.36,-0.047,9.345,5
-1.45,-0.044,9.381,5
-1.546,-0.065,9.502,5
-1.68,-0.148,9.509,5
-1.883,-0.229,9.502,5
-2.023,-0.251,9.582,5
-2.234,-0.256,9.665,5
-2.303,-0.289,9.794,5
-2.341,-0.293,9.819,5
-2.349,-0.298,9.803,5
-2.247,-0.235,9.755,5
-2.141,-0.165,9.811,5
-1.974,-0.201,9.894,5
-1.786,-0.218,10.015,4
-1.679,-0.271,10.076,5
-1.61,-0.265,9.985,5
-1.446,-0.319,9.852,5
-1.432,-0.325,9.729,5
-1.52,-0.286,9.585,5
-1.61,-0.24,9.557,5
-1.698,-0.2,9.511,5
-1.716,-0.22,9.547,5
-1.649,-0.226,9.751,5
-1.62,-0.244,9.766,5
-1.53,-0.256,9.711,5
-1.473,-0.243,9.648,5
-1.418,-0.241,9.588,5
-1.354,-0.246,9.453,5
-1.399,-0.235,9.371,5
-1.438,-0.245,9.303,5
-1.463,-0.211,9.362,5
-1.472,-0.222,9.506,5
-1.463,-0.199,9.603,5
-1.529,-0.225,9.772,5
-1.575,-0.187,9.866,5
-1.501,-0.26,10.014,5
-1.4,-0.359,10.151,5
-1.302,-0.402,10.25,5
-1.213,-0.363,10.249,5
-1.207,-0.346,10.318,5
-1.257,-0.295,10.264,5
-1.434,-0.219,10.19,5
-1.598,-0.156,10.04,5
-1.764,-0.132,9.813,5
-1.866,-0.099,9.717,5
-1.91,-0.076,9.465,5
-1.946,-0.093,9.457,5
-1.998,-0.086,9.442,5
-2.014,-0.09,9.424,5
-2.032,-0.096,9.403,5
-2.003,-0.175,9.366,5
-1.943,-0.181,9.338,5
-1.797,-0.192,9.405,5
-1.596,-0.169,9.44,5
-1.454,-0.123,9.498,5
-1.284,-0.072,9.595,5
-1.174,-0.065,9.625,5
-1.122,-0.121,9.712,5
-1.135,-0.12,9.717,4
-1.175,-0.089,9.682,5
-1.259,-0.041,9.578,5
-1.287,0.007,9.503,5
-1.306,0.011,9.458,5
-1.355,0.055,9.433,5
-1.441,0.044,9.418,5
-1.369,0.039,9.424,5
-1.348,-0.013,9.386,5
-1.328,-0.031,9.32,5
-1.338,-0.032,9.384,5
-1.345,-0.058,9.471,5
-1.4,-0.012,9.595,5
-1.407,-0.017,9.803,5
-1.359,0.002,9.937,5
-1.218,0.005,10.041,5
-1.057,0.041,10.185,5
-0.929,0.027,10.331,5
-0.917,0.05,10.377,5
-0.995,0.065,10.34,5
-1.105,0.05,10.237,5
-1.104,0.074,10.14,5
-1.073,0.083,10.037,5
-1.136,0.046,9.961,5
-1.312,0.079,9.97,5
-1.409,0.046,9.824,5
-1.446,0.062,9.569,5
-1.41,-0.004,9.334,5
-1.351,-0.018,9.281,5
-1.293,-0.066,9.338,5
-1.263,-0.058,9.463,5
-1.184,-0.07,9.643,5
-1.093,-0.07,9.739,5
-1.029,-0.07,9.793,5
-1.049,-0.046,9.746,5
-1.032,-0.005,9.72,5
-1.089,0.044,9.77,5
-1.109,0.051,9.885,5
-1.165,0.084,9.967,5
-1.271,0.089,10.066,5
-1.323,0.081,10.021,5
-1.381,0.062,9.86,5
-1.347,0.071,9.657,5
-1.345,0.067,9.371,5
-1.311,0.07,9.259,5
-1.279,0.015,9.225,4
-1.28,0.037,9.232,5
-1.289,0.012,9.284,5
-1.258,-0.062,9.339,5
-1.199,-0.05,9.377,5
-1.139,-0.019,9.491,5
-1.02,-0.046,9.503,5
-1.007,-0.031,9.532,5
-1.063,-0.007,9.572,5
-1.172,0.0,9.582,5
-1.247,-0.014,9.599,5
-1.294,-0.019,9.706,5
-1.309,-0.037,9.793,5
-1.281,-0.02,9.906,5
-1.243,0.008,10.009,5
-1.18,0.034,9.982,5
-1.183,0.08,9.925,5
-1.176,0.067,9.93,5
-1.145,0.09,9.834,5
-1.214,0.04,9.8,5
-1.207,0.098,9.799,5
-1.236,0.047,9.815,5
-1.219,0.016,9.737,5
-1.339,0.014,9.7,5
-1.478,0.001,9.699,5
-1.487,0.06,9.548,5
-1.501,0.056,9.521,5
-1.474,0.077,9.472,5
-1.417,0.035,9.475,5
-1.361,0.068,9.52,5
-1.311,0.05,9.659,5
-1.297,0.059,9.766,5
-1.259,0.059,9.822,5
-1.268,0.043,9.863,5
-1.263,0.067,9.819,5
-1.205,0.067,9.739,5
-1.174,0.03,9.63,5
-1.064,0.004,9.636,5
-0.972,0.0,9.7,5
-0.895,0.017,9.76,5
-0.915,0.047,9.782,5
-0.98,0.084,9.742,5
-1.047,0.093,9.696,5
-1.11,0.107,9.624,5
-1.157,0.117,9.516,5
-1.096,0.099,9.457,4
-1.059,0.007,9.397,5
-0.997,0.012,9.532,5
-0.951,-0.014,9.649,5
-0.914,0.023,9.734,5
-0.9,0.025,9.885,5
-0.935,0.06,9.912,5
-0.956,0.068,10.054,5
-0.998,0.05,10.027,5
-0.973,0.02,9.9,5
-0.997,0.007,9.746,5
-1.059,-0.008,9.67,5
-1.214,-0.001,9.591,5
-1.233,0.026,9.59,5
-1.205,-0.008,9.66,5
-1.147,0.0,9.595,5
-1.12,0.022,9.567,5
-1.103,0.029,9.569,5
-1.129,0.05,9.518,5
-1.145,0.088,9.556,5
-1.212,0.107,9.55,5
-1.254,0.145,9.629,5
-1.325,0.137,9.749,5
-1.384,0.129,9.893,5
-1.406,0.108,9.931,5
-1.358,0.096,9.975,5
-1.292,0.089,10.085,5
-1.221,0.094,10.115,5
-1.19,0.102,10.083,5
-1.142,0.111,9.97,5
-1.12,0.056,9.869,5
-1.106,0.029,9.782,5
-1.099,0.126,9.702,5
-1.148,0.15,9.616,5
-1.189,0.2,9.547,5
-1.214,0.18,9.452,5
-1.243,0.163,9.315,5
-1.237,0.158,9.269,5
-1.214,0.158,9.359,5
-1.16,0.172,9.496,5
-1.08,0.143,9.699,5
-0.983,0.142,9.797,5
-0.931,0.105,9.827,5
-0.858,0.113,9.9,5
-0.869,0.155,9.915,4
-0.912,0.165,9.894,5
-0.946,0.179,9.902,5
-0.988,0.207,9.892,5
-1.006,0.2,9.849,5
-0.992,0.132,9.866,5
-1.039,0.108,9.956,5
-1.036,0.105,9.966,5
-1.021,0.102,9.945,5
-1.004,0.104,9.821,5
-0.962,0.119,9.636,5
-0.911,0.129,9.415,5
-0.95,0.075,9.236,5
-0.971,0.032,9.166,5
-1.038,-0.013,9.15,5
-1.076,0.0,9.195,5
-1.072,0.037,9.24,5
-1.045,0.08,9.242,5
-1.065,0.093,9.345,5
-1.105,0.102,9.45,5
-1.082,0.123,9.572,5
-1.002,0.108,9.681,5
-0.962,0.095,9.609,5
-0.889,0.108,9.526,5
-0.797,0.118,9.223,5
-0.703,-0.043,8.61,5
-0.821,0.001,8.636,5
-0.992,0.058,9.061,5
-1.097,0.056,9.494,5
-1.126,-0.01,9.672,5
-1.156,0.021,9.671,5
-1.212,0.056,9.683,5
-1.307,0.108,9.83,5
-1.371,0.13,10.062,5
-1.472,0.144,10.188,5
-1.54,0.154,10.258,5
-1.546,0.133,10.311,5
-1.543,0.152,10.271,5
-1.487,0.152,10.211,5
-1.491,0.182,9.98,5
-1.436,0.176,9.764,5
-1.277,0.187,9.465,5
-0.958,0.164,9.177,5
-0.802,0.016,8.961,5
-0.804,-0.092,8.87,4
-0.77,-0.131,9.015,5
-0.768,-0.113,9.209,5
-0.797,-0.031,9.518,5
-0.85,0.037,9.836,5
-0.989,0.126,10.11,5
-1.135,0.196,10.252,5
-1.301,0.232,10.335,5
-1.397,0.264,10.27,5
-1.344,0.271,10.141,5
-1.184,0.192,9.999,5
-1.053,0.172,9.775,5
-0.935,0.104,9.612,5
-0.893,0.068,9.505,5
-0.902,0.016,9.494,5
-0.927,0.017,9.474,5
-0.975,0.031,9.563,5
-1.015,0.105,9.66,5
-1.024,0.125,9.729,5
-1.031,0.137,9.77,5
-1.066,0.134,9.76,5
-1.033,0.136,9.736,5
-1.065,0.101,9.687,5
-1.074,0.12,9.679,5
-1.139,0.116,9.641,5
-1.129,0.104,9.625,5
-1.134,0.062,9.752,5
-1.139,0.046,9.829,5
-1.105,0.057,9.954,5
-1.127,0.044,10.112,5
-1.187,0.103,10.129,5
-1.202,0.104,10.064,5
-1.2,0.131,10.028,5
-1.135,0.105,9.988,5
-1.123,0.078,9.926,5
