0.991,7.564,6.142,0
1.007,7.574,6.103,4
0.973,7.564,6.092,5
0.965,7.535,6.089,5
0.944,7.552,6.096,5
0.941,7.546,6.041,5
0.931,7.554,6.094,5
0.939,7.554,6.115,5
0.944,7.578,6.141,5
0.967,7.576,6.183,5
1.023,7.609,6.169,5
1.021,7.591,6.21,5
1.044,7.588,6.189,5
1.077,7.576,6.16,5
1.054,7.532,6.181,5
1.023,7.526,6.101,5
1.028,7.512,6.088,5
1.008,7.517,6.075,5
0.959,7.523,6.025,5
1.005,7.572,6.101,5
1.025,7.598,6.169,5
1.039,7.656,6.133,5
1.034,7.627,6.127,5
1.002,7.665,6.212,5
0.98,7.676,6.204,5
0.963,7.676,6.164,5
0.966,7.665,6.158,5
0.954,7.626,6.104,5
0.949,7.582,6.067,5
0.851,7.59,6.098,5
0.905,7.591,6.108,5
1.041,7.606,6.08,5
1.052,7.541,6.089,5
1.004,7.529,6.128,5
0.936,7.516,6.106,5
0.93,7.569,6.145,5
1.001,7.582,6.144,5
1.047,7.614,6.153,5
1.079,7.605,6.108,4
1.089,7.573,6.138,5
1.044,7.573,6.135,5
1.035,7.558,6.123,5
1.035,7.611,6.135,5
1.008,7.613,6.138,5
0.992,7.57,6.11,5
0.968,7.541,6.057,5
0.955,7.582,6.059,5
0.944,7.563,6.138,5
0.96,7.591,6.165,5
0.974,7.571,6.108,5
0.975,7.567,6.139,5
1.007,7.585,6.179,5
1.024,7.596,6.2,5
1.06,7.625,6.187,5
0.992,7.585,6.15,5
0.966,7.558,6.165,5
0.984,7.56,6.163,5
0.989,7.58,6.134,5
1.011,7.571,6.151,5
1.036,7.577,6.177,5
1.041,7.58,6.189,5
1.021,7.599,6.185,5
1.065,7.628,6.17,5
1.069,7.612,6.184,5
1.098,7.616,6.178,5
1.065,7.621,6.196,5
1.06,7.643,6.158,5
1.042,7.644,6.115,5
1.019,7.651,6.212,5
1.002,7.651,6.187,5
0.97,7.614,6.205,5
0.999,7.615,6.136,5
0.966,7.609,6.146,5
0.957,7.567,6.112,5
0.949,7.581,6.12,5
0.929,7.557,6.123,4
0.929,7.517,6.058,5
0.86,7.553,6.066,5
0.931,7.581,6.016,5
0.974,7.583,6.032,5
1.005,7.553,6.027,5
0.992,7.549,6.105,5
0.978,7.549,6.075,5
0.932,7.527,6.071,5
0.974,7.529,6.102,5
1.005,7.545,6.075,5
1.026,7.511,6.092,5
1.031,7.526,6.035,5
1.004,7.515,5.984,5
0.937,7.501,6.045,5
0.904,7.487,6.005,5
0.871,7.477,6.035,5
0.849,7.517,5.994,5
0.914,7.508,6.074,5
0.962,7.548,6.11,5
0.996,7.532,6.119,5
0.992,7.545,6.06,5
0.975,7.529,6.142,5
0.967,7.542,6.189,5
0.991,7.569,6.127,5
1.033,7.555,6.17,5
1.03,7.587,6.189,5
1.013,7.618,6.29,5
0.98,7.62,6.233,5
0.947,7.622,6.264,5
0.965,7.611,6.262,5
0.954,7.602,6.218,5
0.975,7.612,6.175,5
0.971,7.585,6.196,5
0.98,7.619,6.191,5
0.979,7.605,6.232,5
0.987,7.611,6.208,5
0.98,7.628,6.26,4
1.014,7.613,6.237,5
1.01,7.597,6.265,5
1.008,7.605,6.194,5
1.057,7.578,6.25,5
1.062,7.568,6.275,5
1.056,7.611,6.189,5
1.078,7.579,6.22,5
1.079,7.606,6.18,5
1.065,7.6,6.23,5
1.012,7.63,6.23,5
0.951,7.649,6.216,5
0.981,7.663,6.162,5
0.954,7.661,6.166,5
0.958,7.657,6.121,5
0.973,7.631,6.132,5
0.978,7.643,6.097,5
0.948,7.6,6.102,5
0.951,7.595,6.068,5
0.929,7.611,6.107,5
0.937,7.63,6.142,5
0.913,7.567,6.112,5
0.98,7.54,6.093,5
0.979,7.529,6.071,5
0.965,7.512,6.03,5
0.965,7.474,6.027,5
0.949,7.467,6.098,5
0.927,7.497,6.096,5
0.941,7.515,6.081,5
0.923,7.524,6.136,5
0.88,7.602,6.133,5
0.838,7.596,6.133,5
0.847,7.624,6.191,5
0.853,7.603,6.16,5
0.844,7.594,6.192,5
0.906,7.515,6.114,5
0.867,7.422,5.98,5
0.945,7.454,5.97,4
0.999,7.517,5.961,5
0.938,7.592,6.051,5
0.972,7.617,6.138,5
0.995,7.575,6.093,5
1.038,7.529,6.096,5
1.018,7.523,6.091,5
1.078,7.529,6.099,5
1.086,7.552,6.066,5
1.078,7.576,6.094,5
1.035,7.544,6.114,5
1.019,7.529,6.065,5
0.985,7.566,6.065,5
0.992,7.573,6.068,5
0.963,7.599,6.116,5
0.976,7.611,6.108,5
0.995,7.588,6.157,5
0.99,7.605,6.162,5
0.989,7.628,6.214,5
1.001,7.633,6.215,5
0.968,7.61,6.216,5
1.011,7.572,6.153,5
1.031,7.564,6.098,5
1.044,7.548,6.071,5
1.091,7.559,6.086,5
1.042,7.622,6.135,5
0.988,7.621,6.123,5
0.991,7.637,6.114,5
0.931,7.634,6.185,5
0.926,7.667,6.109,5
0.933,7.651,6.157,5
0.95,7.676,6.193,5
0.991,7.682,6.211,5
1.059,7.697,6.22,5
1.077,7.661,6.262,5
1.009,7.636,6.234,5
0.965,7.631,6.188,5
0.934,7.592,6.18,4
1.026,7.605,6.157,5
1.048,7.569,6.184,5
1.054,7.552,6.182,5
1.036,7.546,6.175,5
0.965,7.579,6.156,5
0.995,7.618,6.156,5
1.009,7.618,6.168,5
1.017,7.609,6.169,5
0.995,7.614,6.182,5
0.992,7.654,6.17,5
0.99,7.68,6.224,5
0.996,7.738,6.217,5
0.977,7.704,6.231,5
0.943,7.686,6.221,5
0.96,7.702,6.179,5
0.934,7.661,6.226,5
0.929,7.665,6.172,5
0.92,7.635,6.171,5
0.941,7.636,6.165,5
1.007,7.587,6.142,5
1.06,7.533,6.108,5
1.023,7.505,6.104,5
1.023,7.503,6.139,5
1.015,7.518,6.081,5
0.996,7.494,6.137,5
0.954,7.547,6.117,5
0.974,7.511,6.065,5
0.984,7.545,6.075,5
0.983,7.552,6.082,5
0.968,7.563,6.141,5
0.96,7.57,6.108,5
0.959,7.585,6.06,5
0.961,7.546,6.086,5
0.966,7.543,6.028,5
0.92,7.525,6.096,5
0.946,7.501,6.08,5
0.968,7.508,6.059,5
0.993,7.514,6.048,4
0.951,7.506,6.016,5
0.954,7.481,6.025,5
0.936,7.435,6.05,5
0.96,7.451,6.031,5
0.951,7.487,6.063,5
0.901,7.506,6.086,5
0.896,7.51,6.038,5
0.95,7.503,6.033,5
0.943,7.554,6.052,5
0.965,7.564,6.118,5
1.003,7.594,6.11,5
1.004,7.577,6.121,5
0.965,7.567,6.093,5
0.937,7.566,6.083,5
0.965,7.555,6.094,5
0.995,7.548,6.058,5
0.996,7.545,6.133,5
0.949,7.54,6.128,5
0.973,7.547,6.153,5
0.987,7.59,6.13,5
1.007,7.603,6.08,5
1.004,7.631,6.083,5
0.961,7.644,6.13,5
0.956,7.681,6.163,5
0.971,7.709,6.131,5
0.966,7.746,6.196,5
0.969,7.758,6.173,5
0.982,7.712,6.199,5
0.998,7.665,6.133,5
0.94,7.643,6.156,5
0.923,7.631,6.154,5
0.98,7.565,6.06,5
1.059,7.58,6.078,5
1.084,7.543,6.121,5
1.022,7.574,6.119,5
0.996,7.609,6.16,5
1.039,7.626,6.156,4
1.092,7.666,6.151,5
1.056,7.623,6.244,5
1.072,7.611,6.238,5
1.068,7.579,6.183,5
1.02,7.599,6.196,5
0.992,7.602,6.158,5
0.974,7.628,6.156,5
0.951,7.593,6.153,5
0.944,7.591,6.104,5
0.917,7.563,6.069,5
0.975,7.557,6.075,5
0.967,7.554,6.044,5
0.968,7.602,6.16,5
0.996,7.594,6.089,5
0.998,7.581,6.133,5
1.003,7.582,6.162,5
1.01,7.577,6.167,5
1.01,7.529,6.203,5
1.022,7.56,6.207,5
0.954,7.558,6.159,5
0.951,7.549,6.069,5
0.953,7.53,6.148,5
0.941,7.499,6.193,5
0.981,7.526,6.226,5
1.016,7.521,6.269,5
1.043,7.562,6.261,5
1.06,7.587,6.263,5
1.06,7.581,6.225,5
1.072,7.584,6.232,5
1.031,7.588,6.272,5
1.028,7.571,6.203,5
1.013,7.531,6.207,5
0.986,7.513,6.183,5
1.015,7.552,6.129,5
0.974,7.552,6.178,5
0.974,7.57,6.133,5
0.965,7.575,6.209,5
0.958,7.582,6.135,4
0.985,7.574,6.153,5
0.979,7.572,6.172,5
1.001,7.591,6.133,5
1.016,7.613,6.117,5
0.975,7.551,6.141,5
0.95,7.554,6.138,5
0.972,7.536,6.099,5
0.962,7.502,6.077,5
0.971,7.498,6.08,5
0.929,7.547,6.069,5
0.889,7.554,6.023,5
0.879,7.572,6.031,5
0.874,7.53,6.011,5
0.865,7.552,6.071,5
0.874,7.506,6.046,5
0.929,7.496,6.048,5
0.967,7.508,6.122,5
0.924,7.491,6.109,5
0.877,7.538,6.113,5
0.936,7.544,6.124,5
0.973,7.547,6.133,5
1.041,7.543,6.165,5
1.047,7.5,6.221,5
1.042,7.537,6.21,5
0.998,7.563,6.248,5
0.997,7.627,6.254,5
0.985,7.595,6.234,5
0.953,7.584,6.196,5
0.956,7.574,6.203,5
0.983,7.554,6.219,5
0.995,7.577,6.15,5
0.995,7.552,6.174,5
1.031,7.542,6.157,5
0.985,7.524,6.181,5
1.011,7.557,6.205,5
1.002,7.548,6.279,5
1.04,7.526,6.251,5
1.048,7.582,6.258,4
1.013,7.584,6.234,5
1.019,7.53,6.18,5
1.031,7.539,6.193,5
1.074,7.509,6.163,5
1.052,7.51,6.13,5
1.017,7.506,6.123,5
0.959,7.536,6.145,5
0.919,7.554,6.129,5
0.899,7.59,6.181,5
0.864,7.58,6.161,5
0.9,7.619,6.16,5
0.901,7.606,6.173,5
0.897,7.628,6.184,5
0.928,7.622,6.212,5
0.932,7.619,6.199,5
0.954,7.58,6.186,5
0.987,7.569,6.129,5
0.977,7.575,6.174,5
0.957,7.56,6.142,5
0.927,7.571,6.118,5
0.937,7.525,6.133,5
0.966,7.523,6.16,5
0.968,7.527,6.117,5
0.948,7.538,6.187,5
0.944,7.563,6.203,5
0.978,7.584,6.177,5
1.026,7.542,6.169,5
1.033,7.508,6.217,5
0.974,7.514,6.212,5
1.021,7.521,6.199,5
1.044,7.554,6.205,5
1.077,7.563,6.221,5
1.068,7.568,6.226,5
1.034,7.545,6.203,5
0.973,7.539,6.185,5
0.95,7.55,6.127,5
0.977,7.548,6.088,5
1.007,7.521,6.072,4
0.975,7.529,6.105,5
0.958,7.573,6.133,5
0.95,7.584,6.159,5
0.947,7.606,6.153,5
0.943,7.603,6.104,5
0.907,7.64,6.151,5
0.893,7.656,6.127,5
0.904,7.648,6.124,5
0.932,7.599,6.072,5
0.943,7.583,6.038,5
0.962,7.559,5.997,5
0.959,7.564,5.984,5
0.998,7.603,6.011,5
0.957,7.602,5.963,5
0.902,7.634,6.049,5
0.867,7.708,6.036,5
0.88,7.717,6.033,5
0.864,7.766,6.056,5
0.917,7.756,6.035,5
0.959,7.776,6.084,5
1.046,7.815,6.102,5
1.105,7.808,6.029,5
1.115,7.807,6.05,5
1.179,7.848,6.08,5
1.239,7.847,6.074,5
1.252,7.895,6.059,5
1.237,7.895,6.083,5
1.271,7.959,6.01,5
1.305,8.004,6.064,5
1.306,8.019,6.053,5
1.3,8.057,6.076,5
1.285,8.062,6.087,5
1.267,8.143,6.073,5
1.309,8.184,6.048,5
1.293,8.198,6.063,5
1.291,8.18,6.11,5
1.291,8.181,6.056,5
1.299,8.232,5.999,4
1.27,8.22,5.972,5
1.236,8.236,6.001,5
1.12,8.267,5.91,5
1.144,8.183,5.888,5
1.163,8.233,5.89,5
1.119,8.273,5.815,5
1.087,8.308,5.773,5
1.078,8.303,5.756,5
1.068,8.361,5.644,5
1.052,8.407,5.576,5
1.056,8.463,5.547,5
1.062,8.477,5.535,5
1.035,8.44,5.459,5
1.047,8.495,5.464,5
1.047,8.502,5.366,5
1.093,8.472,5.264,5
1.206,8.454,5.19,5
1.212,8.419,5.124,5
1.146,8.478,5.088,5
1.278,8.416,4.993,5
1.236,8.378,5.084,5
1.217,8.457,5.088,5
1.207,8.481,4.975,5
1.12,8.514,4.923,5
1.187,8.483,4.841,5
1.238,8.466,4.841,5
1.218,8.492,4.863,5
1.209,8.5,4.747,5
1.299,8.484,4.805,5
1.255,8.5,4.894,5
1.165,8.477,4.961,5
1.105,8.504,4.944,5
1.148,8.504,4.942,5
1.2,8.536,5.021,5
1.148,8.548,5.139,5
1.123,8.551,5.245,5
1.072,8.621,5.327,5
1.071,8.689,5.374,4
1.025,8.68,5.333,5
1.081,8.633,5.392,5
1.158,8.559,5.48,5
1.093,8.44,5.516,5
1.017,8.396,5.476,5
0.99,8.335,5.443,5
0.98,8.304,5.345,5
0.962,8.249,5.256,5
0.958,8.171,5.3,5
0.922,8.141,5.281,5
0.926,8.096,5.27,5
0.961,8.074,5.204,5
0.962,8.056,5.143,5
0.955,7.992,5.122,5
1.036,7.861,5.115,5
1.143,7.745,5.17,5
0.961,7.711,5.248,5
1.077,7.698,5.108,5
1.095,7.839,5.088,5
0.992,7.942,5.182,5
0.81,8.071,5.368,5
0.702,8.238,5.525,5
0.682,8.304,5.67,5
0.707,8.416,5.831,5
0.762,8.437,5.926,5
0.811,8.466,5.986,5
0.856,8.523,5.993,5
0.835,8.612,5.887,5
0.817,8.654,5.878,5
0.865,8.655,5.789,5
0.876,8.625,5.881,5
0.953,8.452,5.792,5
1.107,8.088,5.589,5
1.413,7.655,5.202,5
1.687,7.438,5.058,5
1.846,7.433,5.016,5
1.884,7.615,5.174,4
1.682,7.807,5.338,5
1.142,7.918,5.608,5
0.641,8.298,5.694,5
0.157,8.85,5.954,5
-0.318,9.128,5.992,5
-0.655,9.235,5.954,5
-1.06,9.19,5.9,5
-1.209,9.05,5.706,5
-0.837,8.725,5.445,5
-0.383,8.495,5.307,5
-0.173,8.334,5.139,5
-0.096,8.038,4.958,5
0.067,7.868,4.982,5
0.323,7.76,4.868,5
0.659,7.701,4.955,5
1.012,7.642,5.172,5
1.19,7.573,5.495,5
1.26,7.615,5.713,5
1.323,7.853,5.832,5
1.299,8.057,5.81,5
1.359,8.138,5.919,5
1.324,8.073,6.001,5
1.442,8.113,6.146,5
1.445,8.08,6.274,5
1.361,7.833,6.181,5
1.644,7.469,6.227,5
1.783,7.032,5.959,5
1.724,6.615,5.944,5
1.511,6.44,5.99,5
1.08,6.341,5.814,5
0.852,6.275,5.597,5
0.832,6.358,5.473,5
0.828,6.349,5.613,5
0.856,6.397,6.101,5
0.714,6.528,6.347,5
0.734,6.635,6.549,5
0.871,6.571,6.71,5
1.01,6.498,6.893,4
1.138,6.288,7.019,5
1.092,5.939,7.145,5
1.291,5.69,7.198,5
1.378,5.509,7.179,5
1.402,5.351,7.09,5
1.331,5.138,7.046,5
1.309,5.13,7.214,5
1.316,5.123,7.009,5
1.073,4.986,7.002,5
1.029,4.577,6.944,5
1.053,4.314,6.906,5
1.04,4.256,6.95,5
1.223,4.148,7.003,5
1.393,3.972,7.243,5
1.634,3.731,7.64,5
2.019,3.702,7.966,5
2.328,3.912,8.339,5
2.401,4.163,8.832,5
2.256,4.39,9.22,5
1.944,4.556,9.517,5
1.642,4.721,9.779,5
1.397,4.808,9.917,5
1.363,4.844,10.122,5
1.346,4.827,10.461,5
1.421,4.782,10.998,5
1.558,4.801,11.629,5
1.83,4.745,12.361,5
2.129,4.702,13.175,5
2.302,4.642,13.74,5
2.349,4.558,14.064,5
2.566,4.418,14.021,5
2.943,4.263,13.928,5
3.367,4.039,13.62,5
3.696,3.596,13.272,5
4.102,3.09,12.799,5
4.232,2.728,12.463,5
3.988,2.245,12.339,4
3.844,1.929,12.742,5
3.791,1.649,12.881,5
3.888,1.445,13.083,5
4.076,1.298,13.302,5
4.408,1.19,13.064,5
4.636,1.088,12.862,5
4.798,1.143,12.512,5
4.621,1.494,12.183,5
4.046,1.948,12.079,5
3.248,2.46,11.979,5
2.684,2.947,11.635,5
2.208,3.455,10.912,5
1.645,3.95,10.28,5
1.162,4.214,9.914,5
1.348,4.208,8.915,5
1.869,3.892,8.23,5
1.941,4.112,7.146,5
1.425,4.19,6.62,5
1.078,4.264,6.509,5
1.145,4.309,6.594,5
1.588,4.454,6.358,5
1.972,4.708,6.077,5
2.2,5.206,5.965,5
2.41,5.912,5.786,5
2.79,6.732,5.501,5
3.011,7.359,5.221,5
3.155,7.926,5.106,5
3.251,8.337,5.148,5
3.447,8.287,5.264,5
3.708,8.073,4.954,5
3.882,7.832,4.44,5
3.671,7.721,4.069,5
3.112,7.621,3.807,5
2.568,7.369,3.816,5
2.452,7.024,4.031,5
2.664,6.828,4.055,4
3.019,6.887,3.966,5
3.187,7.174,4.025,5
3.149,7.331,4.249,5
2.97,7.292,4.34,5
3.212,6.975,3.975,5
3.689,6.551,3.694,5
4.137,6.069,3.473,5
4.199,5.723,3.739,5
3.877,5.534,4.036,5
3.29,5.279,4.259,5
2.823,5.134,4.319,5
2.581,5.047,4.301,5
2.571,5.034,4.276,5
2.633,5.121,4.129,5
2.738,5.385,4.074,5
2.742,5.66,3.867,5
2.808,5.798,3.877,5
2.978,5.988,3.993,5
2.745,6.437,4.203,5
2.572,6.999,4.68,5
2.85,7.476,4.805,5
3.159,7.809,4.706,5
3.059,8.074,4.535,5
2.782,8.121,4.757,5
2.045,8.065,5.142,5
1.265,7.977,5.913,5
1.354,7.785,5.749,5
1.441,7.574,5.184,5
1.141,7.445,4.693,5
0.658,7.338,4.623,5
0.5,7.086,4.252,5
0.292,6.956,4.573,5
0.58,6.913,4.821,5
1.323,6.942,4.425,5
2.369,6.922,3.952,5
3.163,6.944,3.742,5
3.643,7.056,4.003,4
4.176,7.143,4.438,5
4.446,7.384,4.92,5
4.487,7.734,5.292,5
4.24,7.937,5.774,5
3.816,7.882,6.152,5
3.623,7.824,6.135,5
2.987,7.893,6.051,5
2.61,7.978,5.89,5
2.339,8.207,5.559,5
1.931,8.369,5.02,5
1.382,8.844,4.016,5
0.868,9.103,3.38,5
0.953,8.776,3.492,5
0.763,8.711,3.484,5
0.565,8.731,3.273,5
0.774,8.71,3.169,5
1.103,8.683,3.02,5
1.653,8.577,2.767,5
2.358,8.589,2.666,5
2.963,8.518,2.626,5
3.476,8.336,2.64,5
4.079,8.335,2.937,5
4.482,8.228,3.207,5
4.516,8.293,3.342,5
4.27,8.39,3.196,5
4.438,8.31,3.216,5
5.14,7.722,3.663,5
5.736,7.376,4.05,5
5.496,7.549,3.821,5
4.734,8.09,3.597,5
4.096,8.268,3.585,5
3.985,8.151,3.679,5
4.087,7.989,3.861,5
4.107,8.045,4.257,5
4.097,8.05,4.437,5
3.957,8.049,4.381,5
3.654,8.034,4.209,4
3.522,7.948,4.197,5
3.692,7.807,4.078,5
3.914,7.953,4.016,5
3.903,8.344,3.797,5
3.892,8.842,3.583,5
3.899,9.218,3.678,5
4.216,9.163,3.899,5
4.566,8.848,4.128,5
4.788,8.504,4.353,5
4.822,8.317,4.524,5
4.758,8.334,4.592,5
4.654,8.433,4.606,5
4.403,8.53,4.66,5
3.917,8.653,4.284,5
3.419,8.609,4.125,5
2.917,8.448,4.304,5
2.441,8.153,4.545,5
1.95,7.955,4.753,5
1.668,7.757,5.134,5
1.552,7.735,5.504,5
1.49,7.848,5.685,5
1.42,7.986,5.878,5
1.394,8.066,5.987,5
1.205,8.246,6.056,5
0.835,8.44,6.174,5
0.433,8.666,6.349,5
0.082,8.708,6.419,5
-0.107,8.641,6.475,5
-0.142,8.556,6.507,5
0.039,8.434,6.483,5
0.304,8.249,6.334,5
0.628,8.013,6.178,5
1.096,7.87,5.998,5
1.632,7.868,5.697,5
2.192,7.891,5.324,5
2.717,7.973,4.984,5
3.16,8.085,4.652,4
3.422,8.064,4.273,5
3.595,8.032,3.993,5
3.677,7.924,3.657,5
3.727,7.795,3.408,5
3.842,7.743,3.214,5
3.853,7.651,2.996,5
3.741,7.512,2.831,5
3.535,7.423,2.747,5
3.313,7.451,2.743,5
3.154,7.541,2.668,5
3.013,7.573,2.622,5
2.932,7.596,2.602,5
2.935,7.694,2.688,5
2.872,7.846,2.819,5
2.853,8.019,3.044,5
2.869,8.141,3.145,5
3.016,8.072,3.315,5
3.282,8.012,3.447,5
3.571,8.062,3.54,5
3.789,8.249,3.598,5
3.931,8.414,3.673,5
3.947,8.406,3.896,5
3.823,8.234,4.167,5
3.628,7.988,4.48,5
3.508,7.755,4.675,5
3.526,7.602,4.856,5
3.664,7.673,5.115,5
3.638,7.812,5.289,5
3.526,7.827,5.362,5
3.433,7.804,5.522,5
3.342,7.811,5.456,5
3.185,7.93,5.414,5
3.085,8.035,5.297,5
3.047,8.137,5.152,5
3.06,8.185,4.941,5
3.078,8.198,4.707,5
3.143,8.129,4.574,4
3.21,7.939,4.407,5
3.282,7.791,4.185,5
3.306,7.795,4.03,5
3.466,7.877,3.908,5
3.55,7.967,3.773,5
3.591,7.988,3.638,5
3.65,7.847,3.628,5
3.68,7.759,3.648,5
3.758,7.623,3.728,5
3.82,7.546,3.801,5
3.883,7.497,3.881,5
3.771,7.452,3.989,5
3.613,7.474,4.074,5
3.413,7.542,4.158,5
3.205,7.717,4.332,5
3.072,7.852,4.359,5
2.996,7.973,4.403,5
3.005,8.073,4.47,5
3.088,8.159,4.536,5
3.101,8.205,4.696,5
3.123,8.235,4.847,5
3.008,8.155,4.979,5
2.893,8.064,5.26,5
2.773,8.009,5.454,5
2.735,7.952,5.675,5
2.802,7.95,5.79,5
2.863,7.946,5.957,5
2.987,7.932,6.044,5
3.058,7.869,6.188,5
3.166,7.715,6.319,5
3.17,7.665,6.392,5
3.102,7.69,6.401,5
2.927,7.772,6.394,5
2.705,7.727,6.392,5
2.595,7.648,6.33,5
2.487,7.654,6.275,4
2.365,7.802,6.072,5
2.274,7.942,6.142,5
2.056,8.186,6.308,5
1.602,8.378,6.18,5
1.331,8.44,6.203,5
1.239,8.384,6.125,5
1.29,8.261,6.12,5
1.445,8.159,6.066,5
1.605,8.017,5.834,5
1.671,7.89,5.725,5
1.726,7.845,5.622,5
1.84,7.827,5.497,5
2.009,7.807,5.345,5
2.16,7.7,5.128,5
2.314,7.636,4.948,5
2.359,7.564,4.757,5
2.393,7.563,4.608,5
2.41,7.685,4.604,5
2.224,7.833,4.589,5
2.061,7.861,4.583,5
1.943,7.818,4.671,5
1.866,7.821,4.836,5
1.728,7.846,5.054,5
1.634,7.842,5.264,5
1.474,7.687,5.464,5
1.35,7.529,5.732,5
1.33,7.436,5.918,5
1.283,7.417,6.085,5
1.28,7.549,6.121,5
1.268,7.659,6.161,5
1.317,7.746,6.254,5
1.362,7.765,6.206,5
1.4,7.696,6.372,5
1.379,7.768,6.367,5
1.168,7.782,6.424,5
1.087,7.696,6.579,5
1.182,7.6,6.712,4
1.278,7.615,6.755,5
1.37,7.638,6.625,5
1.474,7.596,6.512,5
1.63,7.629,6.379,5
1.8,7.636,6.181,5
1.894,7.646,5.906,5
1.897,7.814,5.595,5
1.792,8.017,5.396,5
1.693,8.25,5.215,5
1.496,8.405,5.117,5
1.347,8.49,5.173,5
1.245,8.378,5.306,5
1.178,8.217,5.524,5
1.008,8.125,5.668,5
0.838,8.179,5.895,5
0.666,8.164,6.023,5
0.567,8.132,6.142,5
0.469,8.056,6.197,5
0.403,7.985,6.171,5
0.377,8.036,6.082,5
0.471,8.141,6.008,5
0.7,8.077,5.886,5
1.013,8.071,5.855,5
1.391,7.978,5.774,5
1.723,7.912,5.667,5
2.014,7.855,5.504,5
2.236,7.903,5.289,5
2.401,8.019,5.155,5
2.534,8.035,5.081,5
2.61,7.969,4.935,5
2.715,7.913,4.932,5
2.685,7.891,4.975,5
2.605,7.833,5.076,5
2.531,7.688,5.226,5
2.618,7.582,5.371,5
2.712,7.61,5.436,4
2.858,7.695,5.379,5
2.95,7.815,5.339,5
2.989,7.849,5.294,5
2.999,7.82,5.302,5
3.005,7.832,5.351,5
3.021,7.84,5.372,5
3.022,7.856,5.434,5
2.965,7.775,5.469,5
2.716,7.619,5.711,5
2.581,7.524,6.023,5
2.453,7.454,6.27,5
2.371,7.545,6.529,5
2.307,7.666,6.819,5
2.14,7.715,7.168,5
1.986,7.755,7.581,5
1.891,7.648,8.043,5
1.808,7.472,8.328,5
1.785,7.471,8.792,5
1.574,7.363,9.148,5
1.404,7.285,9.588,5
1.21,7.056,9.977,5
1.114,6.941,10.43,5
1.002,6.794,10.699,5
0.954,6.699,11.042,5
0.867,6.665,11.395,5
0.698,6.681,11.66,5
0.516,6.688,11.794,5
0.357,6.6,11.738,5
0.294,6.382,11.899,5
0.264,6.253,12.004,5
-0.111,6.279,11.88,5
-0.748,6.138,11.62,5
-1.145,5.908,11.202,5
-1.162,5.965,11.079,5
-1.068,6.348,10.846,4
-1.048,6.788,10.316,5
-1.05,6.96,9.853,5
-0.983,7.014,9.346,5
-0.898,6.995,8.8,5
-0.866,6.972,8.3,5
-0.72,7.002,7.751,5
-0.413,7.062,7.269,5
0.021,7.215,6.784,5
0.481,7.247,6.528,5
0.846,7.22,6.5,5
0.932,7.199,6.311,5
0.766,7.048,5.972,5
0.777,6.716,5.714,5
0.851,6.494,5.45,5
0.986,6.624,5.391,5
1.157,6.968,5.325,5
1.051,7.107,5.259,5
0.777,7.096,5.245,5
0.594,7.011,5.424,5
0.767,7.08,5.926,5
0.935,7.255,6.291,5
0.972,7.388,6.421,5
1.038,7.536,6.499,5
1.248,7.672,6.479,5
1.57,7.748,6.578,5
1.908,7.859,6.812,5
2.104,7.913,7.044,5
2.277,7.709,7.215,5
2.511,7.437,7.526,5
2.689,7.359,7.738,5
2.756,7.348,7.833,5
2.717,7.327,7.912,5
2.669,7.328,7.911,5
2.581,7.379,7.921,5
2.389,7.555,7.731,5
2.21,7.745,7.454,5
2.157,7.74,7.125,4
2.225,7.609,6.89,5
2.4,7.523,6.704,5
2.644,7.622,6.372,5
2.855,7.73,6.126,5
3.082,7.731,5.996,5
3.353,7.825,5.851,5
3.596,8.056,5.838,5
3.74,8.142,5.853,5
3.738,8.048,5.962,5
3.605,7.938,6.174,5
3.395,7.931,6.384,5
3.182,8.02,6.597,5
3.063,8.041,6.739,5
2.981,8.003,6.843,5
2.925,7.976,7.007,5
2.868,7.939,7.005,5
2.918,7.943,6.893,5
2.936,7.959,6.714,5
2.844,7.961,6.414,5
2.75,7.907,6.178,5
2.748,7.754,6.108,5
2.922,7.691,6.011,5
3.037,7.663,5.96,5
3.142,7.684,5.79,5
3.268,7.758,5.737,5
3.31,7.892,5.702,5
3.127,8.061,5.695,5
2.938,8.077,5.771,5
2.921,8.068,5.85,5
2.941,8.064,5.931,5
3.081,8.035,5.998,5
3.274,7.94,6.018,5
3.486,7.843,6.05,5
3.762,7.749,6.223,5
3.943,7.803,6.308,5
4.001,7.809,6.437,4
4.05,7.679,6.558,5
4.12,7.563,6.713,5
4.147,7.454,6.771,5
4.032,7.4,6.806,5
3.76,7.37,6.649,5
3.462,7.391,6.404,5
3.199,7.416,6.175,5
2.976,7.473,5.894,5
2.701,7.71,5.557,5
2.391,7.878,5.322,5
2.132,7.931,5.108,5
1.847,7.875,4.882,5
1.774,7.669,4.893,5
2.086,7.549,5.096,5
2.352,7.54,5.204,5
2.667,7.462,5.348,5
2.89,7.216,5.483,5
3.06,7.016,5.689,5
3.176,6.874,5.956,5
3.294,6.731,6.121,5
3.388,6.725,6.295,5
3.476,6.716,6.358,5
3.404,6.871,6.359,5
3.225,7.016,6.202,5
2.915,7.06,6.093,5
2.552,7.104,6.047,5
2.183,7.102,6.011,5
1.886,7.104,6.158,5
1.65,7.028,6.283,5
1.535,6.885,6.46,5
1.484,6.733,6.628,5
1.668,6.598,6.756,5
1.858,6.608,6.967,5
2.073,6.54,7.083,5
2.316,6.478,7.125,5
2.58,6.358,7.133,4
2.829,6.308,7.026,5
3.099,6.209,6.812,5
3.452,6.154,6.419,5
3.836,6.379,5.993,5
4.173,6.782,5.555,5
4.29,7.037,5.057,5
4.041,7.064,4.978,5
3.359,6.74,4.884,5
2.771,6.287,5.155,5
2.207,6.076,5.647,5
1.475,6.082,6.075,5
0.687,6.061,6.45,5
0.064,6.098,6.543,5
-0.285,6.289,6.684,5
-0.362,6.603,6.703,5
-0.217,6.759,6.698,5
0.092,6.898,6.642,5
0.61,6.858,6.482,5
1.154,6.846,6.318,5
1.672,6.731,6.08,5
2.333,6.7,5.842,5
2.842,7.057,5.421,5
3.012,7.547,4.974,5
2.991,8.025,4.743,5
2.791,8.286,4.612,5
2.329,8.377,4.731,5
1.573,8.247,5.005,5
0.729,8.109,5.4,5
-0.041,7.842,5.723,5
-0.507,7.664,5.999,5
-0.724,7.471,6.048,5
-0.789,7.284,5.899,5
-0.476,7.066,5.691,5
0.233,6.953,5.377,5
1.152,6.934,4.941,5
2.024,6.94,4.255,4
2.902,7.112,3.658,5
3.625,7.601,3.142,5
4.051,8.142,2.679,5
4.106,8.438,2.695,5
3.72,8.199,2.69,5
3.185,7.959,3.267,5
2.402,7.844,3.863,5
1.658,7.829,4.525,5
0.898,7.938,5.166,5
0.175,8.144,5.643,5
-0.242,8.471,5.946,5
-0.275,8.57,6.157,5
-0.017,8.608,6.202,5
0.314,8.633,6.01,5
0.837,8.533,5.84,5
1.485,8.338,5.556,5
2.082,8.082,5.155,5
2.658,7.848,4.868,5
3.18,7.623,4.832,5
3.464,7.456,4.541,5
3.599,7.39,4.489,5
3.505,7.388,4.334,5
3.282,7.554,4.206,5
3.004,7.746,4.039,5
2.757,7.971,4.007,5
2.53,8.237,3.814,5
2.173,8.546,3.614,5
1.799,8.848,3.401,5
1.542,9.1,3.337,5
1.193,9.222,3.333,5
1.036,9.179,3.323,5
1.023,9.001,3.287,5
1.01,8.733,3.2,5
1.208,8.372,3.19,5
1.418,8.086,3.108,5
1.643,7.985,3.04,5
2.023,8.064,2.885,4
2.448,8.353,2.602,5
2.844,8.636,2.387,5
3.009,8.882,2.189,5
2.974,9.049,2.072,5
2.805,9.11,2.255,5
2.736,9.168,2.756,5
2.803,9.234,3.287,5
2.817,9.284,3.56,5
2.845,9.195,3.797,5
2.97,9.105,4.144,5
3.002,9.009,4.33,5
3.042,8.921,4.453,5
2.984,8.856,4.466,5
2.835,8.958,4.276,5
2.683,9.094,3.92,5
2.571,9.263,3.627,5
2.375,9.492,3.302,5
2.129,9.711,2.969,5
2.029,9.866,2.703,5
1.965,10.007,2.706,5
1.974,10.102,2.817,5
2.092,10.15,2.965,5
2.243,10.189,3.065,5
2.544,10.153,3.091,5
2.974,10.174,3.151,5
3.434,10.147,3.11,5
3.915,10.161,3.121,5
4.203,10.087,3.154,5
4.278,10.094,3.103,5
4.167,10.214,3.055,5
3.993,10.424,2.951,5
3.857,10.642,2.896,5
3.817,10.8,2.787,5
3.725,10.942,2.744,5
3.544,11.013,2.853,5
3.329,11.094,2.931,4
3.047,11.072,2.998,5
2.984,11.07,3.258,5
3.116,10.962,3.525,5
3.333,10.837,3.699,5
3.525,10.566,3.727,5
3.656,10.356,3.703,5
3.674,10.256,3.453,5
3.796,10.269,3.125,5
3.814,10.368,2.68,5
3.639,10.493,2.233,5
3.33,10.521,1.768,5
3.005,10.509,1.235,5
2.789,10.53,0.916,5
2.641,10.573,0.676,5
2.506,10.508,0.432,5
2.466,10.424,0.365,5
2.6,10.488,0.344,5
2.705,10.535,0.336,5
2.952,10.55,0.56,5
3.106,10.582,0.767,5
3.255,10.622,1.043,5
3.427,10.762,1.295,5
3.387,10.936,1.531,5
3.155,11.087,1.705,5
2.896,11.115,1.782,5
2.911,11.147,1.92,5
3.018,11.138,2.043,5
3.214,11.105,2.051,5
3.471,11.035,2.179,5
3.866,10.855,2.187,5
4.214,10.7,2.133,5
4.51,10.709,2.142,5
4.531,10.821,1.836,5
4.395,10.855,1.539,5
4.239,10.874,1.498,4
3.962,11.021,1.756,5
3.507,11.242,2.048,5
3.0,11.329,2.373,5
2.501,11.254,2.798,5
1.94,11.269,3.241,5
1.536,11.257,3.64,5
1.232,11.174,3.757,5
1.291,11.028,4.028,5
1.457,10.882,4.252,5
1.659,10.683,4.245,5
2.041,10.49,4.286,5
2.524,10.38,4.206,5
2.966,10.273,3.971,5
3.416,10.169,3.89,5
3.65,10.105,3.855,5
3.482,10.139,3.801,5
3.087,10.166,3.847,5
2.671,10.197,3.925,5
2.368,10.178,4.03,5
2.171,10.245,4.094,5
2.095,10.307,4.25,5
2.103,10.36,4.455,5
2.0,10.512,4.56,5
1.825,10.704,4.651,5
1.647,10.834,4.673,5
1.37,10.937,4.65,5
1.064,10.955,4.452,5
0.827,10.909,4.324,5
0.798,10.879,4.081,5
0.919,10.939,3.851,5
1.122,10.976,3.43,5
1.228,10.915,3.21,5
1.353,10.923,2.975,5
1.587,10.995,2.685,5
2.023,11.035,2.445,5
2.485,11.013,2.331,4
2.786,10.916,2.15,5
3.022,10.818,1.808,5
3.215,10.811,1.425,5
3.492,10.886,1.069,5
3.868,11.003,0.747,5
4.184,11.189,0.491,5
4.356,11.495,0.161,5
4.349,11.814,-0.125,5
4.352,12.089,-0.294,5
4.402,12.419,-0.386,5
4.299,12.702,-0.259,5
3.989,12.909,0.034,5
3.656,12.857,0.486,5
3.465,12.595,0.94,5
3.373,12.111,1.264,5
3.553,11.711,1.567,5
3.807,11.41,2.011,5
4.256,11.093,2.389,5
4.933,10.612,2.692,5
5.775,10.097,2.855,5
6.407,9.631,2.971,5
6.568,9.27,3.28,5
6.165,9.196,3.748,5
5.21,9.33,4.336,5
3.925,9.348,4.762,5
2.516,9.197,5.354,5
1.24,9.055,6.076,5
0.501,9.109,6.98,5
-0.002,9.149,7.515,5
-0.227,8.796,7.799,5
-0.067,8.035,8.11,5
0.444,7.18,8.486,5
0.957,6.667,8.875,5
1.189,6.319,8.823,5
1.13,5.719,8.5,5
0.963,5.056,8.197,4
0.793,4.427,7.94,5
0.668,3.975,7.615,5
0.627,3.719,7.246,5
0.566,3.575,6.721,5
0.515,3.621,6.19,5
0.708,3.53,5.784,5
0.993,3.363,5.758,5
1.083,3.153,5.706,5
0.879,2.909,5.779,5
0.552,2.434,5.998,5
0.392,1.739,6.121,5
0.629,0.876,6.2,5
1.322,0.135,6.523,5
2.287,-0.051,6.95,5
2.936,0.25,7.088,5
3.263,0.515,6.936,5
3.367,0.755,6.804,5
3.324,1.122,7.025,5
3.064,1.484,7.645,5
2.538,1.865,8.659,5
1.893,2.099,9.789,5
1.429,1.927,10.951,5
0.992,1.492,11.839,5
0.927,0.913,12.574,5
1.378,0.59,13.456,5
2.144,0.376,14.074,5
3.064,0.135,14.573,5
3.708,-0.029,14.885,5
3.672,-0.031,14.847,5
3.21,0.205,14.7,5
2.48,0.566,14.462,5
1.619,0.912,14.089,5
0.62,1.108,13.666,5
-0.152,1.317,13.3,5
-0.665,1.696,12.899,5
-0.995,2.16,12.345,4
-1.01,2.404,11.939,5
-0.816,2.392,11.663,5
-0.813,2.578,11.598,5
-0.894,2.643,11.657,5
-1.111,2.62,11.774,5
-1.464,2.615,11.809,5
-1.817,2.793,11.743,5
-1.916,3.014,11.702,5
-1.901,3.211,11.537,5
-1.78,3.221,11.419,5
-1.754,3.144,11.221,5
-1.799,3.046,11.155,5
-1.587,3.051,11.022,5
-1.315,3.185,10.754,5
-1.114,3.451,10.36,5
-1.06,3.658,9.971,5
-1.078,3.803,9.764,5
-1.13,3.93,9.558,5
-1.206,4.024,9.405,5
-1.326,4.108,9.256,5
-1.378,4.322,9.106,5
-1.446,4.512,8.904,5
-1.439,4.641,8.801,5
-1.432,4.803,8.795,5
-1.51,4.885,8.733,5
-1.462,5.007,8.783,5
-1.209,5.066,8.888,5
-0.981,5.162,9.0,5
-0.735,5.128,9.118,5
-0.56,5.141,9.166,5
-0.361,5.171,9.157,5
-0.272,5.309,9.112,5
-0.188,5.499,8.931,5
-0.142,5.553,8.744,5
-0.035,5.595,8.613,5
-0.011,5.645,8.372,4
0.06,5.654,8.11,5
0.338,5.741,8.082,5
0.667,5.796,8.066,5
0.811,5.873,7.948,5
0.857,5.851,7.918,5
0.957,5.866,7.935,5
0.954,5.959,7.909,5
0.95,6.073,7.924,5
0.918,6.075,7.971,5
0.688,6.1,8.108,5
0.44,6.098,8.309,5
0.263,6.032,8.416,5
0.167,6.072,8.461,5
0.026,6.178,8.441,5
-0.173,6.301,8.339,5
-0.284,6.328,8.314,5
-0.228,6.296,8.336,5
-0.053,6.343,8.322,5
0.015,6.415,8.321,5
0.047,6.407,8.358,5
0.005,6.373,8.467,5
-0.221,6.339,8.545,5
-0.404,6.202,8.729,5
-0.537,6.17,8.808,5
-0.452,6.133,8.866,5
-0.308,6.134,8.831,5
-0.084,6.117,8.76,5
0.156,6.1,8.672,5
0.351,6.097,8.533,5
0.469,6.057,8.33,5
0.577,6.134,8.179,5
0.648,6.241,7.985,5
0.618,6.294,7.877,5
0.47,6.324,7.747,5
0.413,6.322,7.62,5
0.533,6.284,7.658,4
0.725,6.365,7.685,5
0.872,6.363,7.691,5
0.998,6.259,7.641,5
1.094,6.223,7.714,5
1.173,6.217,7.688,5
1.253,6.144,7.692,5
1.251,6.115,7.661,5
1.16,6.221,7.643,5
0.975,6.26,7.557,5
0.753,6.3,7.529,5
0.497,6.299,7.505,5
0.244,6.316,7.463,5
0.027,6.354,7.408,5
-0.112,6.394,7.233,5
-0.082,6.36,7.231,5
0.016,6.359,7.12,5
0.064,6.35,7.137,5
0.093,6.388,7.153,5
0.046,6.393,7.231,5
0.008,6.406,7.314,5
-0.02,6.425,7.457,5
-0.051,6.375,7.653,5
-0.078,6.261,7.884,5
0.001,6.175,8.07,5
0.115,6.147,8.191,5
0.275,6.157,8.374,5
0.304,6.126,8.393,5
0.237,6.064,8.471,5
0.104,6.04,8.547,5
-0.087,6.035,8.625,5
-0.218,5.973,8.637,5
-0.297,5.933,8.654,5
-0.313,5.92,8.67,5
-0.341,5.929,8.649,5
-0.369,5.899,8.662,5
-0.26,5.824,8.585,4
-0.152,5.74,8.588,5
-0.034,5.678,8.539,5
0.002,5.623,8.522,5
0.064,5.604,8.506,5
0.099,5.599,8.523,5
0.061,5.559,8.506,5
-0.069,5.439,8.519,5
-0.163,5.435,8.546,5
-0.324,5.429,8.497,5
-0.429,5.508,8.468,5
-0.432,5.564,8.449,5
-0.462,5.562,8.522,5
-0.498,5.573,8.582,5
-0.45,5.562,8.652,5
-0.27,5.547,8.695,5
-0.032,5.606,8.68,5
0.167,5.589,8.64,5
0.272,5.592,8.562,5
0.255,5.615,8.421,5
0.189,5.686,8.239,5
0.111,5.803,7.985,5
0.09,5.891,7.712,5
0.022,5.965,7.499,5
-0.183,5.938,7.404,5
-0.437,5.882,7.372,5
-0.55,5.853,7.42,5
-0.574,5.862,7.386,5
-0.509,5.843,7.367,5
-0.416,5.711,7.359,5
-0.393,5.65,7.332,5
-0.43,5.774,7.237,5
-0.561,5.938,7.091,5
-0.688,6.121,6.919,5
-0.728,6.33,6.764,5
-0.675,6.446,6.641,4
-0.631,6.484,6.624,5
-0.512,6.564,6.606,5
-0.253,6.679,6.648,5
0.087,6.761,6.684,5
0.434,6.731,6.782,5
0.623,6.685,6.909,5
0.577,6.613,7.108,5
0.288,6.552,7.285,5
-0.061,6.515,7.493,5
-0.425,6.584,7.603,5
-0.652,6.661,7.608,5
-0.869,6.748,7.469,5
-1.042,6.853,7.341,5
-1.227,6.999,7.121,5
-1.301,7.04,6.957,5
-1.288,7.105,6.667,5
-1.053,7.061,6.491,5
-0.558,7.013,6.406,5
-0.079,7.014,6.274,5
0.291,7.051,6.14,5
0.398,7.004,6.099,5
0.324,6.958,6.187,5
0.232,6.956,6.139,5
0.033,6.975,6.171,5
-0.198,7.025,6.169,5
-0.607,7.061,6.26,5
-1.084,7.156,6.445,5
-1.515,7.158,6.528,5
-1.824,7.199,6.689,5
-2.017,7.245,6.785,5
-2.068,7.28,6.845,5
-2.004,7.256,6.792,5
-1.863,7.304,6.754,5
-1.685,7.343,6.641,5
-1.435,7.391,6.513,4
-1.085,7.448,6.451,5
-0.756,7.384,6.464,5
-0.46,7.351,6.429,5
-0.039,7.32,6.512,5
0.331,7.123,6.499,5
0.526,7.011,6.49,5
0.63,6.916,6.505,5
0.634,6.83,6.467,5
0.628,6.908,6.357,5
0.525,7.041,6.222,5
0.292,7.111,6.177,5
-0.09,7.117,6.283,5
-0.556,7.112,6.305,5
-0.998,7.016,6.418,5
-1.214,6.894,6.49,5
-1.129,6.883,6.496,5
-0.89,6.96,6.523,5
-0.528,6.992,6.602,5
-0.248,7.008,6.78,5
0.042,6.997,7.015,5
0.175,6.917,7.307,5
0.202,6.798,7.662,5
0.032,6.673,7.907,5
-0.26,6.542,8.141,5
-0.641,6.416,8.368,5
-0.973,6.382,8.377,5
-1.228,6.375,8.117,5
-1.329,6.461,7.747,5
-1.216,6.639,7.28,5
-0.956,6.825,6.7,5
-0.597,6.913,6.193,5
-0.172,6.878,5.679,5
0.215,6.767,5.409,5
0.515,6.703,5.207,5
0.82,6.807,5.238,5
1.084,7.068,5.418,5
1.329,7.285,5.895,4
1.369,7.239,6.536,5
1.239,7.126,7.336,5
0.953,6.976,8.093,5
0.641,6.88,8.825,5
0.39,6.821,9.351,5
0.133,6.835,9.602,5
-0.072,6.756,9.722,5
-0.256,6.631,9.648,5
-0.394,6.573,9.463,5
-0.444,6.467,9.089,5
-0.401,6.303,8.586,5
-0.34,6.148,7.988,5
-0.169,5.93,7.286,5
-0.042,5.634,6.655,5
0.278,5.301,6.006,5
0.695,5.055,5.378,5
1.292,4.983,4.882,5
1.909,4.981,4.534,5
2.259,4.924,4.298,5
2.27,4.943,4.153,5
1.934,4.922,4.289,5
1.16,4.987,4.522,5
0.057,5.077,4.799,5
-1.215,5.23,5.048,5
-2.383,5.364,5.318,5
-3.478,5.618,5.518,5
-4.329,6.063,5.608,5
-4.846,6.54,5.574,5
-4.974,7.001,5.394,5
-4.926,7.275,5.228,5
-4.962,7.181,4.917,5
-4.764,6.916,4.998,5
-4.253,6.777,5.324,5
-3.468,6.673,5.495,5
-2.413,6.343,5.665,5
-1.025,5.932,5.884,4
0.615,5.568,6.087,5
1.987,5.418,6.291,5
2.988,5.553,6.622,5
3.652,5.777,6.854,5
4.166,5.986,7.256,5
4.337,6.321,7.685,5
4.086,6.801,8.195,5
3.583,7.372,8.631,5
2.755,7.815,8.901,5
1.841,8.229,9.196,5
0.986,8.689,9.297,5
0.13,9.119,9.308,5
-0.486,9.423,9.303,5
-0.912,9.567,9.282,5
-1.035,9.589,9.128,5
-0.793,9.443,8.96,5
-0.121,9.383,8.689,5
0.722,9.298,8.084,5
1.654,8.959,7.708,5
2.363,8.338,7.264,5
2.86,7.743,6.865,5
3.036,7.399,6.391,5
3.246,7.294,5.789,5
3.412,7.437,4.998,5
3.837,7.656,4.206,5
4.206,7.943,3.499,5
4.32,8.305,2.952,5
4.118,8.594,2.524,5
3.443,8.816,2.126,5
2.48,9.057,1.97,5
1.424,9.311,1.997,5
0.309,9.616,2.224,5
-0.713,9.908,2.57,5
-1.681,10.024,2.916,5
-2.472,9.993,3.358,5
-3.009,9.733,3.86,4
-3.143,9.414,4.463,5
-2.948,9.267,4.856,5
-2.369,9.088,5.108,5
-1.395,8.821,5.44,5
-0.215,8.479,5.844,5
0.854,8.292,6.197,5
1.727,8.215,6.352,5
2.373,8.268,6.524,5
2.921,8.547,6.758,5
3.222,8.885,7.055,5
3.252,9.164,7.257,5
3.119,9.427,7.46,5
2.757,9.581,7.614,5
2.337,9.687,7.858,5
2.009,9.816,8.127,5
1.801,10.0,8.149,5
1.645,10.138,8.18,5
1.491,10.133,8.145,5
1.321,10.042,8.1,5
0.951,9.999,8.07,5
0.644,9.978,7.934,5
0.62,9.933,7.705,5
0.932,9.9,7.453,5
1.517,9.765,7.173,5
2.147,9.713,6.855,5
2.808,9.662,6.557,5
3.404,9.6,6.206,5
3.854,9.522,6.097,5
4.063,9.419,6.028,5
4.014,9.376,5.978,5
3.71,9.35,5.893,5
3.301,9.376,5.747,5
2.88,9.415,5.619,5
2.438,9.402,5.407,5
1.973,9.421,5.249,4
1.669,9.401,5.066,5
1.397,9.327,4.919,5
1.216,9.266,4.621,5
1.194,9.248,4.313,5
1.344,9.277,4.113,5
1.533,9.306,3.945,5
1.647,9.356,3.927,5
1.492,9.373,3.986,5
1.142,9.484,4.024,5
0.846,9.543,4.084,5
0.7,9.606,4.173,5
0.7,9.643,4.268,5
0.672,9.634,4.32,5
0.662,9.588,4.376,5
0.682,9.501,4.448,5
0.838,9.449,4.502,5
0.996,9.401,4.451,5
1.165,9.468,4.258,5
1.369,9.534,4.066,5
1.608,9.582,3.764,5
1.844,9.585,3.572,5
2.096,9.616,3.384,5
2.183,9.667,3.24,5
2.216,9.647,3.138,5
2.267,9.728,3.046,5
2.326,9.935,3.035,5
2.296,10.114,3.207,5
2.099,10.213,3.489,5
1.758,10.334,3.917,5
1.318,10.637,4.443,5
0.904,10.882,4.85,5
0.527,11.092,5.189,5
0.21,11.178,5.47,5
-0.012,11.201,5.662,5
-0.107,11.216,5.705,5
-0.063,11.301,5.581,4
0.148,11.351,5.25,5
0.431,11.384,4.815,5
0.757,11.471,4.229,5
1.113,11.762,3.754,5
1.399,12.356,3.178,5
1.694,13.112,2.706,5
2.14,13.889,2.41,5
2.658,14.618,2.226,5
2.856,15.275,2.011,5
2.738,15.82,1.935,5
2.691,16.269,2.004,5
2.797,16.284,1.986,5
2.905,15.93,1.975,5
2.889,15.355,1.93,5
2.837,14.813,1.813,5
2.864,14.331,1.646,5
3.054,13.971,1.401,5
3.337,13.53,1.074,5
3.596,13.232,0.602,5
3.972,13.063,0.059,5
4.305,12.841,-0.234,5
4.349,12.585,-0.596,5
3.881,12.339,-0.913,5
3.063,12.183,-1.091,5
2.13,11.89,-1.278,5
1.074,11.429,-1.367,5
0.056,10.768,-1.237,5
-0.618,9.983,-0.92,5
-0.978,9.221,-0.65,5
-0.853,8.293,-0.479,5
-0.315,7.438,-0.357,5
0.597,6.492,-0.426,5
1.445,6.305,-0.601,5
2.215,6.641,-0.672,5
3.063,7.112,-0.317,4
3.899,7.51,-0.004,5
4.434,7.742,0.551,5
4.606,7.722,1.205,5
4.423,7.581,2.199,5
3.943,7.087,3.408,5
3.277,6.392,4.845,5
2.55,5.626,6.196,5
1.724,4.581,7.349,5
1.093,3.47,8.333,5
0.878,2.635,8.903,5
0.888,1.961,9.138,5
0.732,1.491,8.983,5
0.851,0.973,8.832,5
1.597,0.714,8.787,5
2.185,0.794,8.318,5
2.606,1.143,7.931,5
3.019,1.564,7.758,5
3.121,2.152,7.871,5
2.711,2.755,8.254,5
2.081,3.054,8.836,5
1.294,3.06,9.718,5
0.451,2.983,10.675,5
-0.207,2.945,11.734,5
-0.874,2.941,12.644,5
-1.214,2.807,13.153,5
-1.161,2.44,13.524,5
-0.962,2.128,13.892,5
-0.722,1.987,14.163,5
-0.325,1.931,14.431,5
-0.015,1.922,14.411,5
0.067,2.233,13.899,5
0.178,2.715,13.189,5
0.282,3.191,12.448,5
0.365,3.466,11.877,5
0.482,3.664,11.59,5
0.388,3.883,11.161,4
0.122,3.992,10.828,5
-0.205,4.103,10.597,5
-0.5,4.177,10.333,5
-0.826,4.226,9.996,5
-1.095,4.286,9.634,5
-1.295,4.356,9.469,5
-1.402,4.397,9.285,5
-1.383,4.508,9.114,5
-1.281,4.675,9.077,5
-1.062,4.839,9.222,5
-0.768,5.058,9.485,5
-0.623,5.127,9.81,5
-0.869,5.081,10.305,5
-1.126,4.942,10.814,5
-1.385,5.04,11.291,5
-1.625,5.124,11.619,5
-1.754,5.123,11.889,5
-1.888,5.219,11.967,5
-1.927,5.25,11.814,5
-1.754,5.258,11.639,5
-1.553,5.496,11.325,5
-1.414,5.727,10.787,5
-1.115,5.788,10.311,5
-0.843,5.807,9.791,5
-0.877,5.918,9.221,5
-1.048,6.053,8.831,5
-1.381,6.158,8.576,5
-1.579,6.137,8.437,5
-1.59,6.15,8.288,5
-1.567,6.119,8.185,5
-1.541,6.079,8.098,5
-1.54,6.15,8.008,5
-1.627,6.29,7.912,5
-1.782,6.331,7.792,5
-1.838,6.372,7.68,5
-1.891,6.372,7.572,5
-1.835,6.421,7.441,4
-1.892,6.465,7.338,5
-2.056,6.559,7.254,5
-2.226,6.534,7.144,5
-2.317,6.538,7.158,5
-2.302,6.535,7.003,5
-2.209,6.545,6.849,5
-2.219,6.512,6.687,5
-2.083,6.573,6.534,5
-1.84,6.656,6.383,5
-1.515,6.694,6.329,5
-1.206,6.684,6.303,5
-0.954,6.745,6.302,5
-0.809,6.87,6.415,5
-0.73,6.99,6.625,5
-0.754,7.056,6.772,5
-0.823,7.08,6.984,5
-0.884,7.027,7.184,5
-0.858,6.965,7.335,5
-0.783,7.066,7.385,5
-0.555,7.133,7.36,5
-0.247,7.222,7.234,5
-0.012,7.219,7.01,5
0.087,7.163,6.872,5
0.137,7.092,6.729,5
0.093,7.099,6.479,5
0.136,7.082,6.335,5
0.202,7.082,6.192,5
0.046,7.106,6.089,5
-0.084,7.13,6.192,5
-0.207,7.124,6.424,5
-0.464,7.09,6.67,5
-0.688,7.028,6.849,5
-0.856,6.946,6.977,5
-0.857,6.926,7.079,5
-0.914,7.002,6.97,5
-0.998,7.108,6.809,4
-1.024,7.205,6.597,5
-1.053,7.273,6.415,5
-1.106,7.24,6.251,5
-1.043,7.229,6.215,5
-1.004,7.225,6.145,5
-0.938,7.306,6.002,5
-0.801,7.288,5.997,5
-0.777,7.266,6.054,5
-0.846,7.256,6.205,5
-0.84,7.128,6.366,5
-0.767,7.037,6.555,5
-0.686,7.019,6.678,5
-0.653,7.047,6.783,5
-0.536,6.995,6.822,5
-0.518,7.071,6.746,5
-0.53,7.177,6.747,5
-0.63,7.213,6.609,5
-0.647,7.3,6.609,5
-0.687,7.393,6.527,5
-0.656,7.442,6.484,5
-0.571,7.484,6.619,5
-0.448,7.432,6.734,5
-0.313,7.348,6.886,5
-0.206,7.252,7.083,5
-0.137,7.136,7.268,5
-0.017,7.09,7.41,5
0.181,7.017,7.495,5
0.402,7.024,7.617,5
0.667,7.017,7.664,5
0.837,7.01,7.848,5
0.835,6.877,8.036,5
0.758,6.638,8.287,5
0.688,6.321,8.441,5
0.564,6.045,8.63,4
0.489,5.85,8.737,5
0.389,5.73,8.775,5
0.325,5.565,8.808,5
0.232,5.429,8.837,5
0.077,5.237,8.866,5
-0.143,5.235,8.933,5
-0.529,5.352,8.953,5
-0.833,5.636,9.007,5
-1.066,5.806,9.111,5
-1.177,5.801,9.209,5
-1.298,5.705,9.326,5
-1.346,5.581,9.473,5
-1.259,5.563,9.545,5
-1.061,5.564,9.554,5
-0.707,5.557,9.454,5
-0.142,5.485,9.305,5
0.509,5.386,9.094,5
0.911,5.388,8.792,5
1.068,5.458,8.484,5
0.877,5.624,8.105,5
0.46,5.656,7.62,5
-0.088,5.71,7.113,5
-0.617,5.937,6.552,5
-1.077,6.263,5.989,5
-1.418,6.665,5.566,5
-1.799,6.879,4.981,5
-1.971,7.052,4.719,5
-2.199,7.276,4.645,5
-2.337,7.491,4.68,5
-2.217,7.744,4.728,5
-1.879,7.831,4.648,5
-1.325,7.703,4.578,5
-0.776,7.59,4.442,5
-0.435,7.519,4.41,5
-0.237,7.652,4.466,5
-0.298,7.911,4.554,5
-0.478,8.317,4.704,4
-0.827,8.724,4.954,5
-1.184,8.889,5.281,5
-1.57,8.8,5.871,5
-1.964,8.594,6.42,5
-2.272,8.417,6.871,5
-2.396,8.255,7.191,5
-2.414,8.234,7.361,5
-2.179,8.21,7.285,5
-1.737,8.164,7.213,5
-1.29,8.199,7.08,5
-0.872,8.319,6.888,5
-0.377,8.356,6.667,5
0.067,8.325,6.513,5
0.506,8.184,6.259,5
0.871,8.035,6.139,5
1.176,7.859,5.925,5
1.261,7.798,5.84,5
1.236,7.771,5.6,5
1.076,7.794,5.315,5
0.819,7.851,5.197,5
0.289,7.861,4.981,5
-0.363,7.876,4.845,5
-1.025,7.974,4.842,5
-1.57,8.067,4.766,5
-1.885,8.226,4.738,5
-1.979,8.332,4.857,5
-1.955,8.371,4.999,5
-1.9,8.356,5.278,5
-1.817,8.153,5.576,5
-1.655,7.884,5.999,5
-1.433,7.614,6.248,5
-1.151,7.447,6.47,5
-0.722,7.336,6.635,5
-0.363,7.352,6.636,5
-0.095,7.408,6.587,5
0.062,7.466,6.496,4
0.142,7.638,6.415,5
0.088,7.841,6.282,5
0.0,8.012,6.253,5
-0.178,8.141,6.266,5
-0.357,8.147,6.259,5
-0.564,8.065,6.332,5
-0.841,7.94,6.418,5
-0.999,7.979,6.446,5
-1.086,8.034,6.5,5
-1.181,8.076,6.471,5
-1.26,8.103,6.441,5
-1.281,8.07,6.369,5
-1.274,8.016,6.239,5
-1.186,7.959,6.084,5
-1.172,7.933,5.85,5
-1.153,7.925,5.682,5
-1.049,7.933,5.491,5
-0.902,8.002,5.41,5
-0.655,8.09,5.294,5
-0.315,8.053,5.263,5
0.041,8.119,5.286,5
0.511,8.176,5.407,5
0.824,8.267,5.522,5
0.901,8.256,5.713,5
0.945,8.22,5.83,5
0.837,8.175,6.142,5
0.298,7.363,8.626,5
-0.632,7.497,9.603,5
-0.361,8.195,7.535,5
-0.291,8.283,6.109,5
-0.872,8.226,5.288,5
-1.508,8.072,5.023,5
-1.976,7.92,4.831,5
-2.058,7.87,4.581,5
-1.923,7.872,4.276,5
-1.613,7.88,3.999,4
-1.357,7.832,3.787,5
-1.0,7.817,3.702,5
-0.531,7.918,3.843,5
-0.182,8.121,3.983,5
0.057,8.233,4.1,5
0.27,8.28,4.343,5
0.315,8.308,4.675,5
0.284,8.363,4.915,5
0.207,8.402,5.046,5
0.096,8.441,5.171,5
-0.038,8.422,5.224,5
-0.348,8.079,5.29,5
-0.586,8.028,5.253,5
-0.44,8.14,5.04,5
-0.078,8.109,4.954,5
0.064,7.943,5.002,5
0.033,7.752,5.154,5
0.054,7.66,5.439,5
0.202,7.619,5.659,5
0.259,7.696,5.815,5
0.324,7.696,5.825,5
0.531,7.804,5.724,5
0.755,7.981,5.65,5
0.906,8.105,5.523,5
0.932,8.235,5.442,5
0.733,8.363,5.349,5
0.407,8.445,5.332,5
0.163,8.452,5.127,5
-0.005,8.435,5.049,5
-0.202,8.398,4.878,5
-0.37,8.393,4.792,5
-0.455,8.323,4.884,5
-0.389,8.264,5.036,5
-0.327,8.241,5.153,4
-0.31,8.179,5.36,5
-0.462,8.052,5.627,5
-0.645,7.897,5.851,5
-0.692,7.728,5.986,5
-0.877,7.634,6.036,5
-1.023,7.606,5.859,5
-0.977,7.712,5.563,5
-0.842,7.857,5.365,5
-0.802,7.959,5.193,5
-0.966,8.107,5.175,5
-0.986,8.441,5.157,5
-1.167,8.759,5.156,5
-1.272,8.859,5.09,5
-1.32,8.848,4.996,5
-1.12,8.814,4.857,5
-0.976,8.77,4.715,5
-0.956,8.722,4.609,5
-1.077,8.59,4.581,5
-1.089,8.454,4.573,5
-1.111,8.378,4.549,5
-1.044,8.372,4.532,5
-0.965,8.308,4.655,5
-0.784,8.205,4.732,5
-0.676,8.095,4.954,5
-0.567,8.006,5.082,5
-0.477,8.005,5.285,5
-0.451,8.01,5.24,5
-0.476,7.986,5.175,5
-0.485,7.907,5.066,5
-0.438,7.894,4.906,5
-0.413,8.003,4.796,5
-0.478,8.132,4.824,5
-0.677,8.173,4.844,5
-0.878,8.256,4.88,5
-0.986,8.259,4.909,5
-1.06,8.213,4.983,5
-1.045,8.199,4.998,4
-1.205,8.21,4.939,5
-1.391,8.159,4.855,5
-1.545,8.167,4.823,5
-1.733,8.274,4.864,5
-1.918,8.335,4.997,5
-2.012,8.353,5.285,5
-2.076,8.301,5.654,5
-2.165,8.205,5.852,5
-2.14,8.071,6.047,5
-2.072,7.989,6.185,5
-1.772,7.873,6.303,5
-1.448,7.768,6.306,5
-1.207,7.713,6.168,5
-1.08,7.646,5.934,5
-1.022,7.651,5.667,5
-0.985,7.665,5.488,5
-0.931,7.675,5.327,5
-0.858,7.754,5.231,5
-0.845,7.732,5.199,5
-0.837,7.739,5.282,5
-0.947,7.746,5.363,5
-1.093,7.834,5.489,5
-1.258,7.903,5.611,5
-1.339,7.999,5.769,5
-1.367,8.125,6.057,5
-1.33,8.207,6.548,5
-1.203,8.299,6.657,5
-1.035,8.396,6.284,5
-1.124,8.417,5.669,5
-1.464,8.397,5.165,5
-1.789,8.334,4.782,5
-1.852,8.243,4.357,5
-1.675,8.185,4.043,5
-1.357,8.135,4.083,5
-0.984,8.064,4.317,5
-0.667,7.973,4.653,4
-0.416,7.919,4.964,5
-0.252,7.927,5.149,5
-0.201,8.012,5.236,5
-0.199,8.145,5.355,5
-0.31,8.292,5.439,5
-0.438,8.366,5.449,5
-0.569,8.347,5.486,5
-0.62,8.325,5.576,5
-0.727,8.41,5.592,5
-0.812,8.447,5.695,5
-0.869,8.488,5.699,5
-0.975,8.513,5.77,5
-1.017,8.523,5.699,5
-1.062,8.508,5.607,5
-1.044,8.402,5.472,5
-0.99,8.296,5.339,5
-0.942,8.213,5.203,5
-0.914,8.177,5.018,5
-0.837,8.198,4.919,5
-0.708,8.204,5.072,5
-0.599,8.244,5.234,5
-0.479,8.29,5.552,5
-0.37,8.383,5.692,5
-0.291,8.492,5.956,5
-0.24,8.516,6.056,5
-0.118,8.566,6.038,5
-0.193,8.553,5.881,5
-0.356,8.582,5.646,5
-0.503,8.656,5.403,5
-0.759,8.633,5.175,5
-0.938,8.504,4.999,5
-1.104,8.364,4.806,5
-1.235,8.228,4.827,5
-1.373,8.12,4.781,5
-1.43,8.051,4.848,4
-1.417,8.154,4.916,5
-1.362,8.158,4.944,5
-1.321,8.257,5.106,5
-1.208,8.308,5.285,5
-1.103,8.309,5.371,5
-0.943,8.215,5.415,5
-0.886,8.113,4.571,5
-1.148,8.138,3.469,5
-1.513,8.094,3.833,5
-1.616,7.904,5.068,5
-1.551,7.769,5.945,5
-1.419,7.776,6.404,5
-1.319,7.886,6.599,5
-1.254,8.027,6.541,5
-1.214,8.103,6.548,5
-1.128,8.148,6.502,5
-1.13,8.123,6.36,5
-1.252,8.04,6.142,5
-1.422,7.907,5.888,5
-1.491,7.869,5.47,5
-1.427,7.849,5.055,5
-1.338,7.911,4.702,5
-1.372,7.925,4.511,5
-1.446,7.915,4.62,5
-1.589,7.941,4.906,5
-1.676,7.926,5.268,5
-1.698,7.931,5.661,5
-1.624,7.946,5.863,5
-1.551,8.029,5.979,5
-1.441,8.058,5.927,5
-1.327,8.077,5.732,5
-1.291,8.054,5.504,5
-1.311,8.002,5.382,5
-1.402,7.952,5.353,5
-1.475,7.876,5.319,4
-1.543,7.849,5.349,5
-1.602,7.842,5.301,5
-1.549,7.833,5.264,5
-1.549,7.835,5.237,5
-1.528,7.821,5.303,5
-1.464,7.828,5.327,5
-1.357,7.852,5.289,5
-1.241,7.832,5.368,5
-1.154,7.81,5.449,5
-1.173,7.883,5.53,5
-1.101,7.946,5.53,5
-1.063,8.006,5.648,5
-1.026,8.017,5.755,5
-0.972,7.967,5.845,5
-0.917,7.851,5.92,5
-0.869,7.883,5.951,5
-0.833,7.878,5.933,5
-0.797,7.815,5.962,5
-0.849,7.768,5.928,5
-0.92,7.732,5.802,5
-0.969,7.711,5.716,5
-0.912,7.676,5.573,5
-0.876,7.682,5.409,5
-0.811,7.703,5.297,5
-0.749,7.73,5.202,5
-0.698,7.779,5.2,5
-0.769,7.807,5.222,5
-0.822,7.893,5.337,5
-0.921,7.892,5.439,5
-1.086,7.938,5.559,5
-1.121,7.891,5.664,5
-1.114,7.971,5.72,5
-1.142,7.958,5.941,5
-1.063,8.086,6.126,5
-1.144,8.149,6.29,5
-1.209,8.157,6.22,5
-1.142,8.096,6.354,4
-0.992,8.037,6.473,5
-0.887,8.006,6.421,5
-0.803,8.044,6.342,5
-0.645,8.085,6.229,5
-0.524,8.113,5.993,5
-0.385,8.107,5.683,5
-0.392,8.036,5.467,5
-0.343,7.983,5.272,5
-0.373,7.988,5.199,5
-0.456,8.05,5.181,5
-0.597,8.186,5.187,5
-0.685,8.286,5.183,5
-0.773,8.362,5.221,5
-0.841,8.443,5.36,5
-0.89,8.447,5.428,5
-0.936,8.451,5.548,5
-0.895,8.431,5.543,5
-0.776,8.381,5.575,5
-0.659,8.337,5.604,5
-0.611,8.287,5.644,5
-0.594,8.183,5.677,5
-0.655,8.125,5.742,5
-0.624,8.119,5.728,5
-0.592,8.147,5.631,5
-0.547,8.193,5.665,5
-0.478,8.222,5.646,5
-0.392,8.243,5.66,5
-0.361,8.271,5.718,5
-0.281,8.29,5.65,5
-0.188,8.289,5.545,5
-0.128,8.295,5.529,5
-0.162,8.307,5.399,5
-0.202,8.282,5.454,5
-0.332,8.314,5.533,5
-0.35,8.288,5.607,5
-0.394,8.285,5.728,4
-0.464,8.27,5.794,5
-0.513,8.257,5.798,5
-0.616,8.194,5.887,5
-0.705,8.154,5.964,5
-0.782,8.032,6.029,5
-0.844,8.046,6.04,5
-0.762,8.026,5.975,5
-0.643,8.056,5.92,5
-0.485,8.067,5.925,5
-0.299,8.044,5.716,5
-0.094,8.017,5.49,5
0.016,7.998,5.289,5
0.094,7.983,5.188,5
0.023,7.998,5.108,5
-0.057,8.095,4.9,5
-0.17,8.267,4.772,5
-0.251,8.334,4.86,5
-0.404,8.381,4.911,5
-0.53,8.384,5.0,5
-0.658,8.347,5.126,5
-0.794,8.271,5.239,5
-0.88,8.179,5.287,5
-0.934,8.099,5.383,5
-1.033,8.173,5.402,5
-1.058,8.214,5.428,5
-1.076,8.155,5.424,5
-1.014,8.146,5.304,5
-0.886,8.065,5.25,5
-0.768,7.951,5.212,5
-0.723,7.831,5.07,5
-0.626,7.843,5.006,5
-0.424,7.815,5.057,5
-0.45,7.806,5.011,5
-0.462,7.866,4.895,5
-0.377,7.971,4.763,4
-0.321,8.025,4.589,5
-0.328,8.062,4.581,5
-0.343,8.013,4.611,5
-0.453,7.945,4.725,5
-0.58,7.873,4.738,5
-0.683,7.895,4.785,5
-0.694,7.899,4.784,5
-0.725,7.851,4.857,5
-0.783,7.791,5.005,5
-0.833,7.851,5.006,5
-0.799,7.93,4.961,5
-0.722,7.979,5.075,5
-0.677,7.988,5.148,5
-0.677,8.0,5.216,5
-0.516,7.998,5.19,5
-0.406,7.974,5.255,5
-0.397,7.955,5.25,5
-0.409,7.871,5.216,5
-0.409,7.818,5.207,5
-0.448,7.829,5.224,5
-0.462,7.828,5.213,5
-0.527,7.804,5.239,5
-0.507,7.813,5.23,5
-0.561,7.802,5.158,5
-0.661,7.791,5.117,5
-0.732,7.82,5.128,5
-0.783,7.797,5.125,5
-0.871,7.827,5.263,5
-0.884,7.844,5.428,5
-0.907,7.896,5.644,5
-0.893,7.887,5.877,5
-0.831,7.887,5.973,5
-0.784,7.876,6.118,5
-0.741,7.861,6.175,5
-0.633,7.913,6.111,5
-0.513,7.896,6.056,4
-0.404,7.879,5.911,5
-0.279,7.815,5.786,5
-0.253,7.87,5.763,5
-0.237,7.837,5.736,5
-0.261,7.873,5.713,5
-0.306,7.918,5.796,5
-0.315,8.004,5.725,5
-0.329,8.08,5.598,5
-0.342,8.141,5.537,5
-0.368,8.176,5.466,5
-0.358,8.158,5.48,5
-0.442,8.077,5.61,5
-0.551,8.083,5.763,5
-0.649,8.103,5.817,5
-0.763,8.171,5.85,5
-0.753,8.162,5.868,5
-0.701,8.146,5.863,5
-0.631,8.168,5.95,5
-0.681,8.231,6.037,5
-0.692,8.215,6.081,5
-0.708,8.144,6.071,5
-0.723,8.071,6.063,5
-0.619,7.988,6.084,5
-0.559,7.898,6.037,5
-0.443,7.832,5.923,5
-0.332,7.814,5.822,5
-0.278,7.795,5.773,5
-0.26,7.746,5.781,5
-0.27,7.742,5.772,5
-0.281,7.687,5.819,5
-0.292,7.695,5.889,5
-0.325,7.625,5.883,5
-0.391,7.637,5.986,5
-0.464,7.609,6.015,5
-0.538,7.636,6.095,5
-0.695,7.663,6.139,4
-0.816,7.68,6.139,5
-0.871,7.704,6.132,5
-0.898,7.707,6.129,5
-0.886,7.712,6.117,5
-0.84,7.635,6.148,5
-0.76,7.597,6.136,5
-0.667,7.49,6.166,5
-0.59,7.431,6.265,5
-0.581,7.377,6.271,5
-0.621,7.405,6.318,5
-0.685,7.412,6.412,5
-0.797,7.478,6.444,5
-0.895,7.45,6.429,5
-0.887,7.45,6.336,5
-0.796,7.418,6.149,5
-0.692,7.335,6.019,5
-0.663,7.338,5.877,5
-0.656,7.324,5.814,5
-0.724,7.302,5.872,5
-0.796,7.33,5.823,5
-0.783,7.381,5.811,5
-0.805,7.348,6.057,5
-0.79,7.329,6.421,5
-0.754,7.315,6.688,5
-0.719,7.296,6.807,5
-0.738,7.332,6.77,5
-0.782,7.312,6.65,5
-0.829,7.246,6.627,5
-0.912,7.211,6.751,5
-0.993,7.178,6.895,5
-1.018,7.102,6.951,5
-1.013,7.055,6.976,5
-1.059,7.095,6.778,5
-1.245,7.118,6.511,4
-1.32,7.163,6.283,5
-1.245,7.162,6.138,5
-1.111,7.075,6.105,5
-1.067,7.001,6.078,5
-0.937,7.007,6.038,5
-0.71,6.982,6.127,5
-0.622,6.944,6.086,5
-0.462,6.901,6.02,5
-0.36,6.854,5.985,5
-0.337,6.786,5.978,5
-0.34,6.704,6.043,5
-0.364,6.673,6.005,5
-0.419,6.706,6.051,5
-0.513,6.789,6.15,5
-0.495,6.887,6.224,5
-0.518,7.151,6.286,5
-0.63,7.357,6.43,5
-0.784,7.475,6.491,5
-0.853,7.449,6.628,5
-0.893,7.338,6.675,5
-1.01,7.095,6.495,5
-0.98,6.843,6.439,5
-0.98,6.585,6.31,5
-1.038,6.409,6.29,5
-1.257,6.291,6.388,5
-1.199,6.139,6.537,5
-0.865,6.036,6.529,5
-0.425,5.988,6.528,5
0.153,6.0,6.583,5
0.363,6.071,6.679,5
0.225,6.116,6.884,5
0.023,6.049,6.956,5
0.1,6.085,6.98,5
0.132,6.181,6.839,5
0.161,6.277,6.839,5
0.09,6.452,6.839,4
0.024,6.628,6.793,5
0.018,6.885,6.747,5
-0.025,6.972,6.861,5
-0.184,6.805,7.051,5
-0.489,6.375,7.357,5
-0.731,5.914,7.75,5
-0.963,5.472,8.112,5
-1.153,5.231,8.303,5
-1.244,5.226,8.599,5
